1
460
6par_aisc
1
1
1
1
0.004
6par_aisc_display
1
1
1
1
0.004
6par_aisc_units
1
1
1
1
0
6par_area
1
1
1
1
1.3
6par_bvoc
1
1
1
1
-0.11
6par_bvoc_display
1
1
1
1
-0.11
6par_bvoc_units
1
1
1
1
0
6par_celltech
1
1
1
1
1
6par_data_filename
1
4
0
6par_gpmp
1
1
1
1
-0.41
6par_imp
1
1
1
1
6
6par_isc
1
1
1
1
7
6par_module_name
1
4
38
Generic polycrystalline silicon module
6par_mounting
1
1
1
1
0
6par_mpeff
1
1
1
1
13.8462
6par_nser
1
1
1
1
60
6par_pmp
1
1
1
1
180
6par_standoff
1
1
1
1
6
6par_tnoct
1
1
1
1
46
6par_vmp
1
1
1
1
30
6par_voc
1
1
1
1
37
acwiring_loss
1
1
1
1
1
adjust
1
5
1
5
constant
1
1
1
1
0
en_hourly
1
1
1
1
0
en_periods
1
1
1
1
0
hourly
1
2
1
8760
0 0 0 0 0 0 0 0 0 0 0 0 0 0 0 0 0 0 0 0 0 0 0 0 0 0 0 0 0 0 0 0 0 0 0 0 0 0 0 0 0 0 0 0 0 0 0 0 0 0 0 0 0 0 0 0 0 0 0 0 0 0 0 0 0 0 0 0 0 0 0 0 0 0 0 0 0 0 0 0 0 0 0 0 0 0 0 0 0 0 0 0 0 0 0 0 0 0 0 0 0 0 0 0 0 0 0 0 0 0 0 0 0 0 0 0 0 0 0 0 0 0 0 0 0 0 0 0 0 0 0 0 0 0 0 0 0 0 0 0 0 0 0 0 0 0 0 0 0 0 0 0 0 0 0 0 0 0 0 0 0 0 0 0 0 0 0 0 0 0 0 0 0 0 0 0 0 0 0 0 0 0 0 0 0 0 0 0 0 0 0 0 0 0 0 0 0 0 0 0 0 0 0 0 0 0 0 0 0 0 0 0 0 0 0 0 0 0 0 0 0 0 0 0 0 0 0 0 0 0 0 0 0 0 0 0 0 0 0 0 0 0 0 0 0 0 0 0 0 0 0 0 0 0 0 0 0 0 0 0 0 0 0 0 0 0 0 0 0 0 0 0 0 0 0 0 0 0 0 0 0 0 0 0 0 0 0 0 0 0 0 0 0 0 0 0 0 0 0 0 0 0 0 0 0 0 0 0 0 0 0 0 0 0 0 0 0 0 0 0 0 0 0 0 0 0 0 0 0 0 0 0 0 0 0 0 0 0 0 0 0 0 0 0 0 0 0 0 0 0 0 0 0 0 0 0 0 0 0 0 0 0 0 0 0 0 0 0 0 0 0 0 0 0 0 0 0 0 0 0 0 0 0 0 0 0 0 0 0 0 0 0 0 0 0 0 0 0 0 0 0 0 0 0 0 0 0 0 0 0 0 0 0 0 0 0 0 0 0 0 0 0 0 0 0 0 0 0 0 0 0 0 0 0 0 0 0 0 0 0 0 0 0 0 0 0 0 0 0 0 0 0 0 0 0 0 0 0 0 0 0 0 0 0 0 0 0 0 0 0 0 0 0 0 0 0 0 0 0 0 0 0 0 0 0 0 0 0 0 0 0 0 0 0 0 0 0 0 0 0 0 0 0 0 0 0 0 0 0 0 0 0 0 0 0 0 0 0 0 0 0 0 0 0 0 0 0 0 0 0 0 0 0 0 0 0 0 0 0 0 0 0 0 0 0 0 0 0 0 0 0 0 0 0 0 0 0 0 0 0 0 0 0 0 0 0 0 0 0 0 0 0 0 0 0 0 0 0 0 0 0 0 0 0 0 0 0 0 0 0 0 0 0 0 0 0 0 0 0 0 0 0 0 0 0 0 0 0 0 0 0 0 0 0 0 0 0 0 0 0 0 0 0 0 0 0 0 0 0 0 0 0 0 0 0 0 0 0 0 0 0 0 0 0 0 0 0 0 0 0 0 0 0 0 0 0 0 0 0 0 0 0 0 0 0 0 0 0 0 0 0 0 0 0 0 0 0 0 0 0 0 0 0 0 0 0 0 0 0 0 0 0 0 0 0 0 0 0 0 0 0 0 0 0 0 0 0 0 0 0 0 0 0 0 0 0 0 0 0 0 0 0 0 0 0 0 0 0 0 0 0 0 0 0 0 0 0 0 0 0 0 0 0 0 0 0 0 0 0 0 0 0 0 0 0 0 0 0 0 0 0 0 0 0 0 0 0 0 0 0 0 0 0 0 0 0 0 0 0 0 0 0 0 0 0 0 0 0 0 0 0 0 0 0 0 0 0 0 0 0 0 0 0 0 0 0 0 0 0 0 0 0 0 0 0 0 0 0 0 0 0 0 0 0 0 0 0 0 0 0 0 0 0 0 0 0 0 0 0 0 0 0 0 0 0 0 0 0 0 0 0 0 0 0 0 0 0 0 0 0 0 0 0 0 0 0 0 0 0 0 0 0 0 0 0 0 0 0 0 0 0 0 0 0 0 0 0 0 0 0 0 0 0 0 0 0 0 0 0 0 0 0 0 0 0 0 0 0 0 0 0 0 0 0 0 0 0 0 0 0 0 0 0 0 0 0 0 0 0 0 0 0 0 0 0 0 0 0 0 0 0 0 0 0 0 0 0 0 0 0 0 0 0 0 0 0 0 0 0 0 0 0 0 0 0 0 0 0 0 0 0 0 0 0 0 0 0 0 0 0 0 0 0 0 0 0 0 0 0 0 0 0 0 0 0 0 0 0 0 0 0 0 0 0 0 0 0 0 0 0 0 0 0 0 0 0 0 0 0 0 0 0 0 0 0 0 0 0 0 0 0 0 0 0 0 0 0 0 0 0 0 0 0 0 0 0 0 0 0 0 0 0 0 0 0 0 0 0 0 0 0 0 0 0 0 0 0 0 0 0 0 0 0 0 0 0 0 0 0 0 0 0 0 0 0 0 0 0 0 0 0 0 0 0 0 0 0 0 0 0 0 0 0 0 0 0 0 0 0 0 0 0 0 0 0 0 0 0 0 0 0 0 0 0 0 0 0 0 0 0 0 0 0 0 0 0 0 0 0 0 0 0 0 0 0 0 0 0 0 0 0 0 0 0 0 0 0 0 0 0 0 0 0 0 0 0 0 0 0 0 0 0 0 0 0 0 0 0 0 0 0 0 0 0 0 0 0 0 0 0 0 0 0 0 0 0 0 0 0 0 0 0 0 0 0 0 0 0 0 0 0 0 0 0 0 0 0 0 0 0 0 0 0 0 0 0 0 0 0 0 0 0 0 0 0 0 0 0 0 0 0 0 0 0 0 0 0 0 0 0 0 0 0 0 0 0 0 0 0 0 0 0 0 0 0 0 0 0 0 0 0 0 0 0 0 0 0 0 0 0 0 0 0 0 0 0 0 0 0 0 0 0 0 0 0 0 0 0 0 0 0 0 0 0 0 0 0 0 0 0 0 0 0 0 0 0 0 0 0 0 0 0 0 0 0 0 0 0 0 0 0 0 0 0 0 0 0 0 0 0 0 0 0 0 0 0 0 0 0 0 0 0 0 0 0 0 0 0 0 0 0 0 0 0 0 0 0 0 0 0 0 0 0 0 0 0 0 0 0 0 0 0 0 0 0 0 0 0 0 0 0 0 0 0 0 0 0 0 0 0 0 0 0 0 0 0 0 0 0 0 0 0 0 0 0 0 0 0 0 0 0 0 0 0 0 0 0 0 0 0 0 0 0 0 0 0 0 0 0 0 0 0 0 0 0 0 0 0 0 0 0 0 0 0 0 0 0 0 0 0 0 0 0 0 0 0 0 0 0 0 0 0 0 0 0 0 0 0 0 0 0 0 0 0 0 0 0 0 0 0 0 0 0 0 0 0 0 0 0 0 0 0 0 0 0 0 0 0 0 0 0 0 0 0 0 0 0 0 0 0 0 0 0 0 0 0 0 0 0 0 0 0 0 0 0 0 0 0 0 0 0 0 0 0 0 0 0 0 0 0 0 0 0 0 0 0 0 0 0 0 0 0 0 0 0 0 0 0 0 0 0 0 0 0 0 0 0 0 0 0 0 0 0 0 0 0 0 0 0 0 0 0 0 0 0 0 0 0 0 0 0 0 0 0 0 0 0 0 0 0 0 0 0 0 0 0 0 0 0 0 0 0 0 0 0 0 0 0 0 0 0 0 0 0 0 0 0 0 0 0 0 0 0 0 0 0 0 0 0 0 0 0 0 0 0 0 0 0 0 0 0 0 0 0 0 0 0 0 0 0 0 0 0 0 0 0 0 0 0 0 0 0 0 0 0 0 0 0 0 0 0 0 0 0 0 0 0 0 0 0 0 0 0 0 0 0 0 0 0 0 0 0 0 0 0 0 0 0 0 0 0 0 0 0 0 0 0 0 0 0 0 0 0 0 0 0 0 0 0 0 0 0 0 0 0 0 0 0 0 0 0 0 0 0 0 0 0 0 0 0 0 0 0 0 0 0 0 0 0 0 0 0 0 0 0 0 0 0 0 0 0 0 0 0 0 0 0 0 0 0 0 0 0 0 0 0 0 0 0 0 0 0 0 0 0 0 0 0 0 0 0 0 0 0 0 0 0 0 0 0 0 0 0 0 0 0 0 0 0 0 0 0 0 0 0 0 0 0 0 0 0 0 0 0 0 0 0 0 0 0 0 0 0 0 0 0 0 0 0 0 0 0 0 0 0 0 0 0 0 0 0 0 0 0 0 0 0 0 0 0 0 0 0 0 0 0 0 0 0 0 0 0 0 0 0 0 0 0 0 0 0 0 0 0 0 0 0 0 0 0 0 0 0 0 0 0 0 0 0 0 0 0 0 0 0 0 0 0 0 0 0 0 0 0 0 0 0 0 0 0 0 0 0 0 0 0 0 0 0 0 0 0 0 0 0 0 0 0 0 0 0 0 0 0 0 0 0 0 0 0 0 0 0 0 0 0 0 0 0 0 0 0 0 0 0 0 0 0 0 0 0 0 0 0 0 0 0 0 0 0 0 0 0 0 0 0 0 0 0 0 0 0 0 0 0 0 0 0 0 0 0 0 0 0 0 0 0 0 0 0 0 0 0 0 0 0 0 0 0 0 0 0 0 0 0 0 0 0 0 0 0 0 0 0 0 0 0 0 0 0 0 0 0 0 0 0 0 0 0 0 0 0 0 0 0 0 0 0 0 0 0 0 0 0 0 0 0 0 0 0 0 0 0 0 0 0 0 0 0 0 0 0 0 0 0 0 0 0 0 0 0 0 0 0 0 0 0 0 0 0 0 0 0 0 0 0 0 0 0 0 0 0 0 0 0 0 0 0 0 0 0 0 0 0 0 0 0 0 0 0 0 0 0 0 0 0 0 0 0 0 0 0 0 0 0 0 0 0 0 0 0 0 0 0 0 0 0 0 0 0 0 0 0 0 0 0 0 0 0 0 0 0 0 0 0 0 0 0 0 0 0 0 0 0 0 0 0 0 0 0 0 0 0 0 0 0 0 0 0 0 0 0 0 0 0 0 0 0 0 0 0 0 0 0 0 0 0 0 0 0 0 0 0 0 0 0 0 0 0 0 0 0 0 0 0 0 0 0 0 0 0 0 0 0 0 0 0 0 0 0 0 0 0 0 0 0 0 0 0 0 0 0 0 0 0 0 0 0 0 0 0 0 0 0 0 0 0 0 0 0 0 0 0 0 0 0 0 0 0 0 0 0 0 0 0 0 0 0 0 0 0 0 0 0 0 0 0 0 0 0 0 0 0 0 0 0 0 0 0 0 0 0 0 0 0 0 0 0 0 0 0 0 0 0 0 0 0 0 0 0 0 0 0 0 0 0 0 0 0 0 0 0 0 0 0 0 0 0 0 0 0 0 0 0 0 0 0 0 0 0 0 0 0 0 0 0 0 0 0 0 0 0 0 0 0 0 0 0 0 0 0 0 0 0 0 0 0 0 0 0 0 0 0 0 0 0 0 0 0 0 0 0 0 0 0 0 0 0 0 0 0 0 0 0 0 0 0 0 0 0 0 0 0 0 0 0 0 0 0 0 0 0 0 0 0 0 0 0 0 0 0 0 0 0 0 0 0 0 0 0 0 0 0 0 0 0 0 0 0 0 0 0 0 0 0 0 0 0 0 0 0 0 0 0 0 0 0 0 0 0 0 0 0 0 0 0 0 0 0 0 0 0 0 0 0 0 0 0 0 0 0 0 0 0 0 0 0 0 0 0 0 0 0 0 0 0 0 0 0 0 0 0 0 0 0 0 0 0 0 0 0 0 0 0 0 0 0 0 0 0 0 0 0 0 0 0 0 0 0 0 0 0 0 0 0 0 0 0 0 0 0 0 0 0 0 0 0 0 0 0 0 0 0 0 0 0 0 0 0 0 0 0 0 0 0 0 0 0 0 0 0 0 0 0 0 0 0 0 0 0 0 0 0 0 0 0 0 0 0 0 0 0 0 0 0 0 0 0 0 0 0 0 0 0 0 0 0 0 0 0 0 0 0 0 0 0 0 0 0 0 0 0 0 0 0 0 0 0 0 0 0 0 0 0 0 0 0 0 0 0 0 0 0 0 0 0 0 0 0 0 0 0 0 0 0 0 0 0 0 0 0 0 0 0 0 0 0 0 0 0 0 0 0 0 0 0 0 0 0 0 0 0 0 0 0 0 0 0 0 0 0 0 0 0 0 0 0 0 0 0 0 0 0 0 0 0 0 0 0 0 0 0 0 0 0 0 0 0 0 0 0 0 0 0 0 0 0 0 0 0 0 0 0 0 0 0 0 0 0 0 0 0 0 0 0 0 0 0 0 0 0 0 0 0 0 0 0 0 0 0 0 0 0 0 0 0 0 0 0 0 0 0 0 0 0 0 0 0 0 0 0 0 0 0 0 0 0 0 0 0 0 0 0 0 0 0 0 0 0 0 0 0 0 0 0 0 0 0 0 0 0 0 0 0 0 0 0 0 0 0 0 0 0 0 0 0 0 0 0 0 0 0 0 0 0 0 0 0 0 0 0 0 0 0 0 0 0 0 0 0 0 0 0 0 0 0 0 0 0 0 0 0 0 0 0 0 0 0 0 0 0 0 0 0 0 0 0 0 0 0 0 0 0 0 0 0 0 0 0 0 0 0 0 0 0 0 0 0 0 0 0 0 0 0 0 0 0 0 0 0 0 0 0 0 0 0 0 0 0 0 0 0 0 0 0 0 0 0 0 0 0 0 0 0 0 0 0 0 0 0 0 0 0 0 0 0 0 0 0 0 0 0 0 0 0 0 0 0 0 0 0 0 0 0 0 0 0 0 0 0 0 0 0 0 0 0 0 0 0 0 0 0 0 0 0 0 0 0 0 0 0 0 0 0 0 0 0 0 0 0 0 0 0 0 0 0 0 0 0 0 0 0 0 0 0 0 0 0 0 0 0 0 0 0 0 0 0 0 0 0 0 0 0 0 0 0 0 0 0 0 0 0 0 0 0 0 0 0 0 0 0 0 0 0 0 0 0 0 0 0 0 0 0 0 0 0 0 0 0 0 0 0 0 0 0 0 0 0 0 0 0 0 0 0 0 0 0 0 0 0 0 0 0 0 0 0 0 0 0 0 0 0 0 0 0 0 0 0 0 0 0 0 0 0 0 0 0 0 0 0 0 0 0 0 0 0 0 0 0 0 0 0 0 0 0 0 0 0 0 0 0 0 0 0 0 0 0 0 0 0 0 0 0 0 0 0 0 0 0 0 0 0 0 0 0 0 0 0 0 0 0 0 0 0 0 0 0 0 0 0 0 0 0 0 0 0 0 0 0 0 0 0 0 0 0 0 0 0 0 0 0 0 0 0 0 0 0 0 0 0 0 0 0 0 0 0 0 0 0 0 0 0 0 0 0 0 0 0 0 0 0 0 0 0 0 0 0 0 0 0 0 0 0 0 0 0 0 0 0 0 0 0 0 0 0 0 0 0 0 0 0 0 0 0 0 0 0 0 0 0 0 0 0 0 0 0 0 0 0 0 0 0 0 0 0 0 0 0 0 0 0 0 0 0 0 0 0 0 0 0 0 0 0 0 0 0 0 0 0 0 0 0 0 0 0 0 0 0 0 0 0 0 0 0 0 0 0 0 0 0 0 0 0 0 0 0 0 0 0 0 0 0 0 0 0 0 0 0 0 0 0 0 0 0 0 0 0 0 0 0 0 0 0 0 0 0 0 0 0 0 0 0 0 0 0 0 0 0 0 0 0 0 0 0 0 0 0 0 0 0 0 0 0 0 0 0 0 0 0 0 0 0 0 0 0 0 0 0 0 0 0 0 0 0 0 0 0 0 0 0 0 0 0 0 0 0 0 0 0 0 0 0 0 0 0 0 0 0 0 0 0 0 0 0 0 0 0 0 0 0 0 0 0 0 0 0 0 0 0 0 0 0 0 0 0 0 0 0 0 0 0 0 0 0 0 0 0 0 0 0 0 0 0 0 0 0 0 0 0 0 0 0 0 0 0 0 0 0 0 0 0 0 0 0 0 0 0 0 0 0 0 0 0 0 0 0 0 0 0 0 0 0 0 0 0 0 0 0 0 0 0 0 0 0 0 0 0 0 0 0 0 0 0 0 0 0 0 0 0 0 0 0 0 0 0 0 0 0 0 0 0 0 0 0 0 0 0 0 0 0 0 0 0 0 0 0 0 0 0 0 0 0 0 0 0 0 0 0 0 0 0 0 0 0 0 0 0 0 0 0 0 0 0 0 0 0 0 0 0 0 0 0 0 0 0 0 0 0 0 0 0 0 0 0 0 0 0 0 0 0 0 0 0 0 0 0 0 0 0 0 0 0 0 0 0 0 0 0 0 0 0 0 0 0 0 0 0 0 0 0 0 0 0 0 0 0 0 0 0 0 0 0 0 0 0 0 0 0 0 0 0 0 0 0 0 0 0 0 0 0 0 0 0 0 0 0 0 0 0 0 0 0 0 0 0 0 0 0 0 0 0 0 0 0 0 0 0 0 0 0 0 0 0 0 0 0 0 0 0 0 0 0 0 0 0 0 0 0 0 0 0 0 0 0 0 0 0 0 0 0 0 0 0 0 0 0 0 0 0 0 0 0 0 0 0 0 0 0 0 0 0 0 0 0 0 0 0 0 0 0 0 0 0 0 0 0 0 0 0 0 0 0 0 0 0 0 0 0 0 0 0 0 0 0 0 0 0 0 0 0 0 0 0 0 0 0 0 0 0 0 0 0 0 0 0 0 0 0 0 0 0 0 0 0 0 0 0 0 0 0 0 0 0 0 0 0 0 0 0 0 0 0 0 0 0 0 0 0 0 0 0 0 0 0 0 0 0 0 0 0 0 0 0 0 0 0 0 0 0 0 0 0 0 0 0 0 0 0 0 0 0 0 0 0 0 0 0 0 0 0 0 0 0 0 0 0 0 0 0 0 0 0 0 0 0 0 0 0 0 0 0 0 0 0 0 0 0 0 0 0 0 0 0 0 0 0 0 0 0 0 0 0 0 0 0 0 0 0 0 0 0 0 0 0 0 0 0 0 0 0 0 0 0 0 0 0 0 0 0 0 0 0 0 0 0 0 0 0 0 0 0 0 0 0 0 0 0 0 0 0 0 0 0 0 0 0 0 0 0 0 0 0 0 0 0 0 0 0 0 0 0 0 0 0 0 0 0 0 0 0 0 0 0 0 0 0 0 0 0 0 0 0 0 0 0 0 0 0 0 0 0 0 0 0 0 0 0 0 0 0 0 0 0 0 0 0 0 0 0 0 0 0 0 0 0 0 0 0 0 0 0 0 0 0 0 0 0 0 0 0 0 0 0 0 0 0 0 0 0 0 0 0 0 0 0 0 0 0 0 0 0 0 0 0 0 0 0 0 0 0 0 0 0 0 0 0 0 0 0 0 0 0 0 0 0 0 0 0 0 0 0 0 0 0 0 0 0 0 0 0 0 0 0 0 0 0 0 0 0 0 0 0 0 0 0 0 0 0 0 0 0 0 0 0 0 0 0 0 0 0 0 0 0 0 0 0 0 0 0 0 0 0 0 0 0 0 0 0 0 0 0 0 0 0 0 0 0 0 0 0 0 0 0 0 0 0 0 0 0 0 0 0 0 0 0 0 0 0 0 0 0 0 0 0 0 0 0 0 0 0 0 0 0 0 0 0 0 0 0 0 0 0 0 0 0 0 0 0 0 0 0 0 0 0 0 0 0 0 0 0 0 0 0 0 0 0 0 0 0 0 0 0 0 0 0 0 0 0 0 0 0 0 0 0 0 0 0 0 0 0 0 0 0 0 0 0 0 0 0 0 0 0 0 0 0 0 0 0 0 0 0 0 0 0 0 0 0 0 0 0 0 0 0 0 0 0 0 0 0 0 0 0 0 0 0 0 0 0 0 0 0 0 0 0 0 0 0 0 0 0 0 0 0 0 0 0 0 0 0 0 0 0 0 0 0 0 0 0 0 0 0 0 0 0 0 0 0 0 0 0 0 0 0 0 0 0 0 0 0 0 0 0 0 0 0 0 0 0 0 0 0 0 0 0 0 0 0 0 0 0 0 0 0 0 0 0 0 0 0 0 0 0 0 0 0 0 0 0 0 0 0 0 0 0 0 0 0 0 0 0 0 0 0 0 0 0 0 0 0 0 0 0 0 0 0 0 0 0 0 0 0 0 0 0 0 0 0 0 0 0 0 0 0 0 0 0 0 0 0 0 0 0 0 0 0 0 0 0 0 0 0 0 0 0 0 0 0 0 0 0 0 0 0 0 0 0 0 0 0 0 0 0 0 0 0 0 0 0 0 0 0 0 0 0 0 0 0 0 0 0 0 0 0 0 0 0 0 0 0 0 0 0 0 0 0 0 0 0 0 0 0 0 0 0 0 0 0 0 0 0 0 0 0 0 0 0 0 0 0 0 0 0 0 0 0 0 0 0 0 0 0 0 0 0 0 0 0 0 0 0 0 0 0 0 0 0 0 0 0 0 0 0 0 0 0 0 0 0 0 0 0 0 0 0 0 0 0 0 0 0 0 0 0 0 0 0 0 0 0 0 0 0 0 0 0 0 0 0 0 0 0 0 0 0 0 0 0 0 0 0 0 0 0 0 0 0 0 0 0 0 0 0 0 0 0 0 0 0 0 0 0 0 0 0 0 0 0 0 0 0 0 0 0 0 0 0 0 0 0 0 0 0 0 0 0 0 0 0 0 0 0 0 0 0 0 0 0 0 0 0 0 0 0 0 0 0 0 0 0 0 0 0 0 0 0 0 0 0 0 0 0 0 0 0 0 0 0 0 0 0 0 0 0 0 0 0 0 0 0 0 0 0 0 0 0 0 0 0 0 0 0 0 0 0 0 0 0 0 0 0 0 0 0 0 0 0 0 0 0 0 0 0 0 0 0 0 0 0 0 0 0 0 0 0 0 0 0 0 0 0 0 0 0 0 0 0 0 0 0 0 0 0 0 0 0 0 0 0 0 0 0 0 0 0 0 0 0 0 0 0 0 0 0 0 0 0 0 0 0 0 0 0 0 0 0 0 0 0 0 0 0 0 0 0 0 0 0 0 0 0 0 0 0 0 0 0 0 0 0 0 0 0 0 0 0 0 0 0 0 0 0 0 0 0 0 0 0 0 0 0 0 0 0 0 0 0 0 0 0 0 0 0 0 0 0 0 0 0 0 0 0 0 0 0 0 0 0 0 0 0 0 0 0 0 0 0 0 0 0 0 0 0 0 0 0 0 0 0 0 0 0 0 0 0 0 0 0 0 0 0 0 0 0 0 0 0 0 0 0 0 0 0 0 0 0 0 0 0 0 0 0 0 0 0 0 0 0 0 0 0 0 0 0 0 0 0 0 0 0 0 0 0 0 0 0 0 0 0 0 0 0 0 0 0 0 0 0 0 0 0 0 0 0 0 0 0 0 0 0 0 0 0 0 0 0 0 0 0 0 0 0 0 0 0 0 0 0 0 0 0 0 0 0 0 0 0 0 0 0 0 0 0 0 0 0 0 0 0 0 0 0 0 0 0 0 0 0 0 0 0 0 0 0 0 0 0 0 0 0 0 0 0 0 0 0 0 0 0 0 0 0 0 0 0 0 0 0 0 0 0 0 0 0 0 0 0 0 0 0 0 0 0 0 0 0 0 0 0 0 0 0 0 0 0 0 0 0 0 0 0 0 0 0 0 0 0 0 0 0 0 0 0 0 0 0 0 0 0 0 0 0 0 0 0 0 0 0 0 0 0 0 0 0 0 0 0 0 0 0 0 0 0 0 0 0 0 0 0 0 0 0 0 0 0 0 0 0 0 0 0 0 0 0 0 0 0 0 0 0 0 0 0 0 0 0 0 0 0 0 0 0 0 0 0 0 0 0 0 0 0 0 0 0 0 0 0 0 0 0 0 0 0 0 0 0 0 0 0 0 0 0 0 0 0 0 0 0 0 0 0 0 0 0 0 0 0 0 0 0 0 0 0 0 0 0 0 0 0 0 0 0 0 0 0 0 0 0 0 0 0 0 0 0 0 0 0 0 0 0 0 0 0 0 0 0 0 0 0 0 0 0 0 0 0 0 0 0 0 0 0 0 0 0 0 0 0 0 0 0 0 0 0 0 0 0 0 0 0 0 0 0 0 0 0 0 0 0 0 0 0 0 0 0 0 0 0 0 0 0 0 0 0 0 0 0 0 0 0 0 0 0 0 0 0 0 0 0 0 0 0 0 0 0 0 0 0 0 0 0 0 0 0 0 0 0 0 0 0 0 0 0 0 0 0 0 0 0 0 0 0 0 0 0 0 0 0 0 0 0 0 0 0 0 0 0 0 0 0 0 0 0 0 0 0 0 0 0 0 0 0 0 0 0 0 0 0 0 0 0 0 0 0 0 0 0 0 0 0 0 0 0 0 0 0 0 0 0 0 0 0 0 0 0 0 0 0 0 0 0 0 0 0 0 0 0 0 0 0 0 0 0 0 0 0 0 0 0 0 0 0 0 0 0 0 0 0 0 0 0 0 0 0 0 0 0 0 0 0 0 0 0 0 0 0 0 0 0 0 0 0 0 0 0 0 0 0 0 0 0 0 0 0 0 0 0 0 0 0 0 0 0 0 0 0 0 0 0 0 0 0 0 0 0 0 0 0 0 0 0 0 0 0 0 0 0 0 0 0 0 0 0 0 0 0 0 0 0 0 0 0 0 0 0 0 0 0 0 0 0 0 0 0 0 0 0 0 0 0 0 0 0 0 0 0 0 0 0 0 0 0 0 0 0 0 0 0 0 0 0 0 0 0 0 0 0 0 0 0 0 0 0 0 0 0 0 0 0 0 0 0 0 0 0 0 0 0 0 0 0 0 0 0 0 0 0 0 0 0 0 0 0 0 0 0 0 0 0 0 0 0 0 0 0 0 0 0 0 0 0 0 0 0 0 0 0 0 0 0 0 0 0 0 0 0 0 0 0 0 0 0 0 0 0 0 0 0 0 0 0 0 0 0 0 0 0 0 0 0 0 0 0 0 0 0 0 0 0 0 0 0 0 0 0 0 0 0 0 0 0 0 0 0 0 0 0 0 0 0 0 0 0 0 0 0 0 0 0 0 0 0 0 0 0 0 0 0 0 0 0 0 0 0 0 0 0 0 0 0 0 0 0 0 0 0 0 0 0 0 0 0 0 0 0 0 0 0 0 0 0 0 0 0 0 0 0 0 0 0 0 0 0 0 0 0 0 0 0 0 0 0 0 0 0 0 0 0 0 0 0 0 0 0 0 0 0 0 0 0 0 0 0 0 0 0 0 0 0 0 0 0 0 0 0 0 0 0 0 0 0 0 0 0 0 0 0 0 0 0 0 0 0 0 0 0 0 0 0 0 0 0 0 0 0 0 0 0 0 0 0 0 0 0 0 0 0 0 0 0 0 0 0 0 0 0 0 0 0 0 0 0 0 0 0 0 0 0 0 0 0 0 0 0 0 0 0 0 0 0 0 0 0 0 0 0 0 0 0 0 0 0 0 0 0 0 0 0 0 0 0 0 0 0 0 0 0 0 0 0 0 0 0 0 0 0 0 0 0 0 0 0 0 0 0 0 0 0 0 0 0 0 0 0 0 0 0 0 0 0 0 0 0 0 0 0 0 0 0 0 0 0 0 0 0 0 0 0 0 0 0 0 0 0 0 0 0 0 0 0 0 0 0 0 0 0 0 0 0 0 0 0 0 0 0 0 0 0 0 0 0 0 0 0 0 0 0 0 0 0 0 0 0 0 0 0 0 0 0 0 0 0 0 0 0 0 0 0 0 0 0 0 0 0 0 0 0 0 0 0 0 0 0 0 0 0 0 0 0 0 0 0 0 0 0 0 0 0 0 0 0 0 0 0 0 0 0 0 0 0 0 0 0 0 0 0 0 0 0 0 0 0 0 0 0 0 0 0 0 0 0 0 0 0 0 0 0 0 0 0 0 0 0 0 0 0 0 0 0 0 0 0 0 0 0 0 0 0 0 0 0 0 0 0 0 0 0 0 0 0 0 0 0 0 0 0 0 0 0 0 0 0 0 0 0 0 0 0 0 0 0 0 0 0 0 0 0 0 0 0 0 0 0 0 0 0 0 0 0 0 0 0 0 0 0 0 0 0 0 0 0 0 0 0 0 0 0 0 0 0 0 0 0 0 0 0 0 0 0 0 0 0 0 0 0 0 0 0 0 0 0 0 0 0 0 0 0 0 0 0 0 0 0 0 0 0 0 0 0 0 0 0 0 0 0 0 0 0 0 0 0 0 0 0 0 0 0 0 0 0 0 0 0 0 0 0 0 0 0 0 0 0 0 0 0 0 0 0 0 0 0 0 0 0 0 0 0 0 0 0 0 0 0 0 0 0 0 0 0 0 0 0 0 0 0 0 0 0 0 0 0 0 0 0 0 0 0 0 0 0 0 0 0 0 0 0 0 0 0 0 0 0 0 0 0 0 0 0 0 0 0 0 0 0 0 0 0 0 0 0 0 0 0 0 0 0 0 0 0 0 0 0 0 0 0 0 0 0 0 0 0 0 0 0 0 0 0 0 0 0 0 0 0 0 0 0 0 0 0 0 0 0 0 0 0 0 0 0 0 0 0 0 0 0 0 0 0 0 0 0 0 0 0 0 0 0 0 0 0 0 0 0 0 0 0 0 0 0 0 0 0 0 0 0 0 0 0 0 0 0 0 0 0 0 0 0 0 0 0 0 0 0 0 0 0 0 0 0 0 0 0 0 0 0 0 0 0 0 0 0 0 0 0 0 0 0 0 0 0 0 0 0 0 0 0 0 0 0 0 0 0 0 0 0 0 0 0 0 0 0 0 0 0 0 0 0 0 0 0 0 0 0 0 0 0 0 0 0 0 0 0 0 0 0 0 0 0 0 0 0 0 0 0 0 0 0 0 0 0 0 0 0 0 0 0 0 0 0 0 0 0 0 0 0 0 0 0 0 0 0 0 0 0 0 0 0 0 0 0 0 0 0 0 0 0 0 0 0 0 0 0 0 0 0 0 0 0 0 0 0 0 0 0 0 0 0 0 0 0 0 0 0 0 0 0 0 0 0 0 0 0 0 0 0 0 0 0 0 0 0 0 0 0 0 0 0 0 0 0 0 0 0 0 0 0 0 0 0 0 0 0 0 0 0 0 0 0 0 0 0 0 0 0 0 0 0 0 0 0 0 0 0 0 0 0 0 0 0 0 0 0 0 0 0 0 0 0 0 0 0 0 0 0 0 0 0 0 0 0 0 0 0 0 0 0 0 0 0 0 0 0 0 0 0 0 0 0 0 0 0 0 0 0 0 0 0 0 0 0 0 0 0 0 0 0 0 0 0 0 0 0 0 0 0 0 0 0 0 0 0 0 0 0 0 0 0 0 0 0 0 0 0 0 0 0 0 0 0 0 0 0 0 0 0 0 0 0 0 0 0 0 0 0 0 0 0 0 0 0 0 0 0 0 0 0 0 0 0 0 0 0 0 0 0 0 0 0 0 0 0 0 0 0 0 0 0 0 0 0 0 0 0 0 0 0 0 0 0 0 0 0 0 0 0 0 0 0 0 0 0 0 0 0 0 0 0 0 0 0 0 0 0 0 0 0 0 0 0 0 0 0 0 0 0 0 0 0 0 0 0 0 0 0 0 0 0 0 0 0 0 0 0 0 0 0 0 0 0 0 0 0 0 0 0 0 0 0 0 0 0 0 0 0 0 0 0 0 0 0 0 0 0 0 0 0 0 0 0 0 0 0 0 0 0 0 0 0 0 0 0 0 0 0 0 0 0 0 0 0 0 0 0 0 0 0 0 0 0 0 0 0 0 0 0 0 0 0 0 0 0 0 0 0 0 0 0 0 0 0 0 0 0 0 0 0 0 0 0 0 0 0 0 0 0 0 0 0 0 0 0 0 0 0 0 0 0 0 0 0 0 0 0 0 0 0 0 0 0 0 0 0 0 0 0 0 0 0 0 0 0 0 0 0 0 0 0 0 0 0 0 0 0 0 0 0 0 0 0 0 0 0 0 0 0 0 0 0 0 0 0 0 0 0 0 0 0 0 0 0 0 0 0 0 0 0 0 0 0 0 0 0 0 0 0 0 0 0 0 0 0 0 0 0 0 0 0 0 0 0 0 0 0 0 0 0 0 0 0 0 0 0 0 0 0 0 0 0 0 0 0 0 0 0 0 0 0 0 0 0 0 0 0 0 0 0 0 0 0 0 0 0 0 0 0 0 0 0 0 0 0 0 0 0 0 0 0 0 0 0 0 0 0 0 0 0 0 0 0 0 0 0 0 0 0 0 0 0 0 0 0 0 0 0 0 0 0 0 0 0 0 0 0 0 0 0 0 0 0 0 0 0 0 0 0 0 0 0 0 0 0 0 0 0 0 0 0 0 0 0 0 0 0 0 0 0 0 0 0 0 0 0 0 0 0 0 0 0 0 0 0 0 0 0 0 0 0 0 0 0 0 0 0 0 0 0 0 0 0 0 0 0 0 0 0 0 0 0 0 0 0 0 0 0 0 0 0 0 0 0 0 0 0 0 0 0 0 0 0 0 0 0 0 0 0 0 0 0 0 0 0 0 0 0 0 0 0 0 0 0 0 0 0 0 0 0 0 0 0 0 0 0 0 0 0 0 0 0 0 0 0 0 0 0 0 0 0 0 0 0 0 0 0 0 0 0 0 0 0 0 0 0 0 0 0 0 0 0 0 0 0 0 0 0 0 0 0 0 0 0 0 0 0 0 0 0 0 0 0 0 0 0 0 0 0 0 0 0 0 0 0 0 0 0 0 0 0 0 0 0 0 0 0 0 0 0 0 0 0 0 0 0 0 0 0 0 0 0 0 0 0 0 0 0 0 0 0 0 0 0 0 0 0 0 0 0 0 0 0 0 0 0 0 0 0 0 0 0 0 0 0 0 0 0 0 0 0 0 0 0 0 0 0 0 0 0 0 0 0 0 0 0 0 0 0 0 0 0 0 0 0 0 0 0 0 0 0 0 0 0 0 0 0 0 0 0 0 0 0 0 0 0 0 0 0 0 0 0 0 0 0 0 0 0 0 0 0 0 0 0 0 0 0 0 0 0 0 0 0 0 0 0 0 0 0 0 0 0 0 0 0 0 0 0 0 0 0 0 0 0 0 0 0 0 0 0 0 0 0 0 0 0 0 0 0 0 0 0 0 0 0 0 0 0 0 0 0 0 0 0 0 0 0 0 0 0 0 0 0 0 0 0 0 0 0 0 0 0 0 0 0 0 0 0 0 0 0 0 0 0 0 0 0 0 0 0 0 0 0 0 0 0 0 0 0 0 0 0 0 0 0 0 0 0 0 0 0 0 0 0 0 0 0 0 0 0 0 0 0 0 0 0 0 0 0 0 0 0 0 0 0 0 0 0 0 0 0 0 0 0 0 0 0 0 0 0 0 0 0 0 0 0 0 0 0 0 0 0 0 0 0 0 0 0 0 0 0 0 0 0 0 0 0 0 0 0 0 0 0 0 0 0 0 0 0 0 0 0 0 0 0 0 0 0 0 0 0 0 0 0 0 0 0 0 0 0 0 0 0 0 0 0 0 0 0 0 0 0 0 0 0 0 0 0 0 0 0 0 0 0 0 0 0 0 0 0 0 0 0 0 0 0 0 0 0 0 0 0 0 0 0 0 0 0 0 0 0 0 0 0 0 0 0 0 0 0 0 0 0 0 0 0 0 0 0 0 0 0 0 0 0 0 0 0 0 0 0 0 0 0 0 0 0 0 0 0 0 0 0 0 0 0 0 0 0 0 0 0 0 0 0 0 0 0 0 0 0 0 0 0 0 0 0 0 0 0 0 0 0 0 0 0 0 0 0 0 0 0 0 0 0 0 0 0 0 0 0 0 0 0 0 0 0 0 0 0 0 0 0 0 0 0 0 0 0 0 0 0 0 0 0 0 0 0 0 0 0 0 0 0 0 0 0 0 0 0 0 0 0 0 0 0 0 0 0 0 0 0 0 0 0 0 0 0 0 0 0 0 0 0 0 0 0 0 0 0 0 0 0 0 0 0 0 0 0 0 0 0 0 0 0 0 0 0 0 0 0 0 0 0 0 0 0 0 0 0 0 0 0 0 0 0 0 0 0 0 0 0 0 0 0 0 0 0 0 0 0 0 0 0 0 0 0 0 0 0 0 0 0 0 0 0 0 0 0 0 0 0 0 0 0 0 0 0 0 0 0 0 0 0 0 0 0 0 0 0 0 0 0 0 0 0 0 0 0 0 0 0 0 0 0 0 0 0 0 0 0 0 0 0 0 0 0 0 0 0 0 0 0 0 0 0 0 0 0 0 0 0 0 0 0 0 0 0 0 0 0 0 0 0 0 0 0 0 0 0 0 0 0 0 0 0 0 0 0 0 0 0 0 0 0 0 0 0 0 0 0 0 0 0 0 0 0 0 0 0 0 0 0 0 0 0 0 0 0 0 0 0 0 0 0 0 0 0 0 0 0 0 0 0 0 0 0 0 0 0 0 0 0 0 0 0 0 0 0 0 0 0 0 0 0 0 0 0 0 0 0 0 0 0 0 0 0 0 0 0 0 0 0 0 0 0 0 0 0 0 0 0 0 0 0 0 0 0 0 0 0 0 0 0 0 0 0 0 0 0 0 0 0 0 0 0 0 0 0 0 0 0 0 0 0 0 0 0 0 0 0 0 0 0 0 0 0 0 0 0 0 0 0 0 0 0 0 0 0 0 0 0 0 0 0 0 0 0 0 0 0 0 0 0 0 0 0 0 0 0 0 0 0 0 0 0 0 0 0 0 0 0 0 0 0 0 0 0 0 0 0 0 0 0 0 0 0 0 0 0 0 0 0 0 0 0 0 0 0 0 0 0 0 0 0 0 0 0 0 0 0 0 0 0 0 0 0 0 0 0 0 0 0 0 0 0 0 0 0 0 0 0 0 0 0 0 0 0 0 0 0 0 0 0 0 0 0 0 0 0 0 0 0 0 0 0 0 0 0 0 0 0 0 0 0 0 0 0 0 0 0 0 0 0 0 0 0 0 0 0 0 0 0 0 0 0 0 0 0 0 0 0 0 0 0 0 0 0 0 0 0 0 0 0 0 0 0 0 0 0 0 0 0 0 0 0 0 0 0 0 0 0 0 0 0 0 0 0 0 0 0 0 0 0 0 0 0 0 0 0 0 0 0 0 0 0 0 0 0 0 0 0 0 0 0 0 0 0 0 0 0 0 0 0 0 0 0 0 0 0 0 0 0 0 0 0 0 0 0 0 0 0 0 0 0 0 0 0 0 0 0 0 0 0 0 0 0 0 0 0 0 0 0 0 0 0 0 0 0 0 0 0 0 0 0 0 0 0 0 0 0 0 0 0 0 0 0 0 0 0 0 0 0 0 0 0 0 0 0 0 0 0 0 0 0 0 0 0 0 0 0 0 0 0 0 0 0 0 0 0 0 0 0 0 0 0 0 0 0 0 0 0 0 0 0 0 0 0 0 0 0 0 0 0 0 0 0 0 0 0 0 0 0 0 0 0 0 0 0 0 0 0 0 0 0 0 0 0 0 0 0 0 0 0 0 0 0 0 0 0 0 0 0 0 0 0 0 0 0 0 0 0 0 0 0 0 0 0 0 0 0 0 0 0 0 0 0 0 0 0 0 0 0 0 0 0 0 0 0 0 0 0 0 0 0 0 0 0 0 0 0 0 0 0 0 0 0 0 0 0 0 0 0 0 0 0 0 

periods
1
2
1
1
1
albedo
1
2
1
12
0.2 0.2 0.2 0.2 0.2 0.2 0.2 0.2 0.2 0.2 0.2 0.2 

alpha_sc_calc
1
1
1
1
0.0617355
annual_beam
1
1
1
1
6.90032
annual_diffuse
1
1
1
1
1.54981
annual_global
1
1
1
1
5.79993
annual_snow
1
1
1
1
0
annual_tdry
1
1
1
1
22.5271
annual_wspd
1
1
1
1
2.9844
array_area
1
1
1
1
105160
batt_max_power
1
1
1
1
0
beta_oc_calc
1
1
1
1
-0.272702
c_construction_cost
1
2
1
3
100 0 0 

c_construction_duration
1
1
1
1
0
c_construction_interest
1
1
1
1
8
c_debt_percent
1
1
1
1
60
c_depreciation_schedule
1
2
1
6
20 32 19.2 11.52 11.52 5.76 

c_equity_return
1
1
1
1
13
c_inflation
1
1
1
1
2.5
c_lifetime
1
1
1
1
20
c_nominal_interest_rate
1
1
1
1
8
c_tax_rate
1
1
1
1
40
capital_cost
1
1
1
1
3.48951e+07
cec_a_ref
1
1
1
1
2.5773
cec_adjust
1
1
1
1
23.05
cec_alpha_sc
1
1
1
1
0.003735
cec_area
1
1
1
1
1.631
cec_array_cols
1
1
1
1
10
cec_array_rows
1
1
1
1
1
cec_backside_temp
1
1
1
1
20
cec_beta_oc
1
1
1
1
-0.17562
cec_eff
1
1
1
1
19.0159
cec_gamma_r
1
1
1
1
-0.386
cec_gap_spacing
1
1
1
1
0.05
cec_heat_transfer
1
1
1
1
0
cec_height
1
1
1
1
0
cec_i_l_ref
1
1
1
1
6.054
cec_i_mp_ref
1
1
1
1
5.67
cec_i_o_ref
1
1
1
1
8.34e-11
cec_i_sc_ref
1
1
1
1
6.05
cec_material
1
4
9
Mono-c-Si
cec_module_length
1
1
1
1
1.631
cec_module_width
1
1
1
1
1
cec_mounting_config
1
1
1
1
0
cec_mounting_orientation
1
1
1
1
0
cec_n_s
1
1
1
1
96
cec_p_mp_ref
1
1
1
1
310.149
cec_r_s
1
1
1
1
0.308
cec_r_sh_ref
1
1
1
1
499.93
cec_standoff
1
1
1
1
6
cec_t_noct
1
1
1
1
46
cec_temp_corr_mode
1
1
1
1
0
cec_v_mp_ref
1
1
1
1
54.7
cec_v_oc_ref
1
1
1
1
64.4
city
1
4
7
Phoenix
country
1
4
3
USA
dc_adjust
1
5
1
5
constant
1
1
1
1
0
en_hourly
1
1
1
1
0
en_periods
1
1
1
1
0
hourly
1
2
1
8760
0 0 0 0 0 0 0 0 0 0 0 0 0 0 0 0 0 0 0 0 0 0 0 0 0 0 0 0 0 0 0 0 0 0 0 0 0 0 0 0 0 0 0 0 0 0 0 0 0 0 0 0 0 0 0 0 0 0 0 0 0 0 0 0 0 0 0 0 0 0 0 0 0 0 0 0 0 0 0 0 0 0 0 0 0 0 0 0 0 0 0 0 0 0 0 0 0 0 0 0 0 0 0 0 0 0 0 0 0 0 0 0 0 0 0 0 0 0 0 0 0 0 0 0 0 0 0 0 0 0 0 0 0 0 0 0 0 0 0 0 0 0 0 0 0 0 0 0 0 0 0 0 0 0 0 0 0 0 0 0 0 0 0 0 0 0 0 0 0 0 0 0 0 0 0 0 0 0 0 0 0 0 0 0 0 0 0 0 0 0 0 0 0 0 0 0 0 0 0 0 0 0 0 0 0 0 0 0 0 0 0 0 0 0 0 0 0 0 0 0 0 0 0 0 0 0 0 0 0 0 0 0 0 0 0 0 0 0 0 0 0 0 0 0 0 0 0 0 0 0 0 0 0 0 0 0 0 0 0 0 0 0 0 0 0 0 0 0 0 0 0 0 0 0 0 0 0 0 0 0 0 0 0 0 0 0 0 0 0 0 0 0 0 0 0 0 0 0 0 0 0 0 0 0 0 0 0 0 0 0 0 0 0 0 0 0 0 0 0 0 0 0 0 0 0 0 0 0 0 0 0 0 0 0 0 0 0 0 0 0 0 0 0 0 0 0 0 0 0 0 0 0 0 0 0 0 0 0 0 0 0 0 0 0 0 0 0 0 0 0 0 0 0 0 0 0 0 0 0 0 0 0 0 0 0 0 0 0 0 0 0 0 0 0 0 0 0 0 0 0 0 0 0 0 0 0 0 0 0 0 0 0 0 0 0 0 0 0 0 0 0 0 0 0 0 0 0 0 0 0 0 0 0 0 0 0 0 0 0 0 0 0 0 0 0 0 0 0 0 0 0 0 0 0 0 0 0 0 0 0 0 0 0 0 0 0 0 0 0 0 0 0 0 0 0 0 0 0 0 0 0 0 0 0 0 0 0 0 0 0 0 0 0 0 0 0 0 0 0 0 0 0 0 0 0 0 0 0 0 0 0 0 0 0 0 0 0 0 0 0 0 0 0 0 0 0 0 0 0 0 0 0 0 0 0 0 0 0 0 0 0 0 0 0 0 0 0 0 0 0 0 0 0 0 0 0 0 0 0 0 0 0 0 0 0 0 0 0 0 0 0 0 0 0 0 0 0 0 0 0 0 0 0 0 0 0 0 0 0 0 0 0 0 0 0 0 0 0 0 0 0 0 0 0 0 0 0 0 0 0 0 0 0 0 0 0 0 0 0 0 0 0 0 0 0 0 0 0 0 0 0 0 0 0 0 0 0 0 0 0 0 0 0 0 0 0 0 0 0 0 0 0 0 0 0 0 0 0 0 0 0 0 0 0 0 0 0 0 0 0 0 0 0 0 0 0 0 0 0 0 0 0 0 0 0 0 0 0 0 0 0 0 0 0 0 0 0 0 0 0 0 0 0 0 0 0 0 0 0 0 0 0 0 0 0 0 0 0 0 0 0 0 0 0 0 0 0 0 0 0 0 0 0 0 0 0 0 0 0 0 0 0 0 0 0 0 0 0 0 0 0 0 0 0 0 0 0 0 0 0 0 0 0 0 0 0 0 0 0 0 0 0 0 0 0 0 0 0 0 0 0 0 0 0 0 0 0 0 0 0 0 0 0 0 0 0 0 0 0 0 0 0 0 0 0 0 0 0 0 0 0 0 0 0 0 0 0 0 0 0 0 0 0 0 0 0 0 0 0 0 0 0 0 0 0 0 0 0 0 0 0 0 0 0 0 0 0 0 0 0 0 0 0 0 0 0 0 0 0 0 0 0 0 0 0 0 0 0 0 0 0 0 0 0 0 0 0 0 0 0 0 0 0 0 0 0 0 0 0 0 0 0 0 0 0 0 0 0 0 0 0 0 0 0 0 0 0 0 0 0 0 0 0 0 0 0 0 0 0 0 0 0 0 0 0 0 0 0 0 0 0 0 0 0 0 0 0 0 0 0 0 0 0 0 0 0 0 0 0 0 0 0 0 0 0 0 0 0 0 0 0 0 0 0 0 0 0 0 0 0 0 0 0 0 0 0 0 0 0 0 0 0 0 0 0 0 0 0 0 0 0 0 0 0 0 0 0 0 0 0 0 0 0 0 0 0 0 0 0 0 0 0 0 0 0 0 0 0 0 0 0 0 0 0 0 0 0 0 0 0 0 0 0 0 0 0 0 0 0 0 0 0 0 0 0 0 0 0 0 0 0 0 0 0 0 0 0 0 0 0 0 0 0 0 0 0 0 0 0 0 0 0 0 0 0 0 0 0 0 0 0 0 0 0 0 0 0 0 0 0 0 0 0 0 0 0 0 0 0 0 0 0 0 0 0 0 0 0 0 0 0 0 0 0 0 0 0 0 0 0 0 0 0 0 0 0 0 0 0 0 0 0 0 0 0 0 0 0 0 0 0 0 0 0 0 0 0 0 0 0 0 0 0 0 0 0 0 0 0 0 0 0 0 0 0 0 0 0 0 0 0 0 0 0 0 0 0 0 0 0 0 0 0 0 0 0 0 0 0 0 0 0 0 0 0 0 0 0 0 0 0 0 0 0 0 0 0 0 0 0 0 0 0 0 0 0 0 0 0 0 0 0 0 0 0 0 0 0 0 0 0 0 0 0 0 0 0 0 0 0 0 0 0 0 0 0 0 0 0 0 0 0 0 0 0 0 0 0 0 0 0 0 0 0 0 0 0 0 0 0 0 0 0 0 0 0 0 0 0 0 0 0 0 0 0 0 0 0 0 0 0 0 0 0 0 0 0 0 0 0 0 0 0 0 0 0 0 0 0 0 0 0 0 0 0 0 0 0 0 0 0 0 0 0 0 0 0 0 0 0 0 0 0 0 0 0 0 0 0 0 0 0 0 0 0 0 0 0 0 0 0 0 0 0 0 0 0 0 0 0 0 0 0 0 0 0 0 0 0 0 0 0 0 0 0 0 0 0 0 0 0 0 0 0 0 0 0 0 0 0 0 0 0 0 0 0 0 0 0 0 0 0 0 0 0 0 0 0 0 0 0 0 0 0 0 0 0 0 0 0 0 0 0 0 0 0 0 0 0 0 0 0 0 0 0 0 0 0 0 0 0 0 0 0 0 0 0 0 0 0 0 0 0 0 0 0 0 0 0 0 0 0 0 0 0 0 0 0 0 0 0 0 0 0 0 0 0 0 0 0 0 0 0 0 0 0 0 0 0 0 0 0 0 0 0 0 0 0 0 0 0 0 0 0 0 0 0 0 0 0 0 0 0 0 0 0 0 0 0 0 0 0 0 0 0 0 0 0 0 0 0 0 0 0 0 0 0 0 0 0 0 0 0 0 0 0 0 0 0 0 0 0 0 0 0 0 0 0 0 0 0 0 0 0 0 0 0 0 0 0 0 0 0 0 0 0 0 0 0 0 0 0 0 0 0 0 0 0 0 0 0 0 0 0 0 0 0 0 0 0 0 0 0 0 0 0 0 0 0 0 0 0 0 0 0 0 0 0 0 0 0 0 0 0 0 0 0 0 0 0 0 0 0 0 0 0 0 0 0 0 0 0 0 0 0 0 0 0 0 0 0 0 0 0 0 0 0 0 0 0 0 0 0 0 0 0 0 0 0 0 0 0 0 0 0 0 0 0 0 0 0 0 0 0 0 0 0 0 0 0 0 0 0 0 0 0 0 0 0 0 0 0 0 0 0 0 0 0 0 0 0 0 0 0 0 0 0 0 0 0 0 0 0 0 0 0 0 0 0 0 0 0 0 0 0 0 0 0 0 0 0 0 0 0 0 0 0 0 0 0 0 0 0 0 0 0 0 0 0 0 0 0 0 0 0 0 0 0 0 0 0 0 0 0 0 0 0 0 0 0 0 0 0 0 0 0 0 0 0 0 0 0 0 0 0 0 0 0 0 0 0 0 0 0 0 0 0 0 0 0 0 0 0 0 0 0 0 0 0 0 0 0 0 0 0 0 0 0 0 0 0 0 0 0 0 0 0 0 0 0 0 0 0 0 0 0 0 0 0 0 0 0 0 0 0 0 0 0 0 0 0 0 0 0 0 0 0 0 0 0 0 0 0 0 0 0 0 0 0 0 0 0 0 0 0 0 0 0 0 0 0 0 0 0 0 0 0 0 0 0 0 0 0 0 0 0 0 0 0 0 0 0 0 0 0 0 0 0 0 0 0 0 0 0 0 0 0 0 0 0 0 0 0 0 0 0 0 0 0 0 0 0 0 0 0 0 0 0 0 0 0 0 0 0 0 0 0 0 0 0 0 0 0 0 0 0 0 0 0 0 0 0 0 0 0 0 0 0 0 0 0 0 0 0 0 0 0 0 0 0 0 0 0 0 0 0 0 0 0 0 0 0 0 0 0 0 0 0 0 0 0 0 0 0 0 0 0 0 0 0 0 0 0 0 0 0 0 0 0 0 0 0 0 0 0 0 0 0 0 0 0 0 0 0 0 0 0 0 0 0 0 0 0 0 0 0 0 0 0 0 0 0 0 0 0 0 0 0 0 0 0 0 0 0 0 0 0 0 0 0 0 0 0 0 0 0 0 0 0 0 0 0 0 0 0 0 0 0 0 0 0 0 0 0 0 0 0 0 0 0 0 0 0 0 0 0 0 0 0 0 0 0 0 0 0 0 0 0 0 0 0 0 0 0 0 0 0 0 0 0 0 0 0 0 0 0 0 0 0 0 0 0 0 0 0 0 0 0 0 0 0 0 0 0 0 0 0 0 0 0 0 0 0 0 0 0 0 0 0 0 0 0 0 0 0 0 0 0 0 0 0 0 0 0 0 0 0 0 0 0 0 0 0 0 0 0 0 0 0 0 0 0 0 0 0 0 0 0 0 0 0 0 0 0 0 0 0 0 0 0 0 0 0 0 0 0 0 0 0 0 0 0 0 0 0 0 0 0 0 0 0 0 0 0 0 0 0 0 0 0 0 0 0 0 0 0 0 0 0 0 0 0 0 0 0 0 0 0 0 0 0 0 0 0 0 0 0 0 0 0 0 0 0 0 0 0 0 0 0 0 0 0 0 0 0 0 0 0 0 0 0 0 0 0 0 0 0 0 0 0 0 0 0 0 0 0 0 0 0 0 0 0 0 0 0 0 0 0 0 0 0 0 0 0 0 0 0 0 0 0 0 0 0 0 0 0 0 0 0 0 0 0 0 0 0 0 0 0 0 0 0 0 0 0 0 0 0 0 0 0 0 0 0 0 0 0 0 0 0 0 0 0 0 0 0 0 0 0 0 0 0 0 0 0 0 0 0 0 0 0 0 0 0 0 0 0 0 0 0 0 0 0 0 0 0 0 0 0 0 0 0 0 0 0 0 0 0 0 0 0 0 0 0 0 0 0 0 0 0 0 0 0 0 0 0 0 0 0 0 0 0 0 0 0 0 0 0 0 0 0 0 0 0 0 0 0 0 0 0 0 0 0 0 0 0 0 0 0 0 0 0 0 0 0 0 0 0 0 0 0 0 0 0 0 0 0 0 0 0 0 0 0 0 0 0 0 0 0 0 0 0 0 0 0 0 0 0 0 0 0 0 0 0 0 0 0 0 0 0 0 0 0 0 0 0 0 0 0 0 0 0 0 0 0 0 0 0 0 0 0 0 0 0 0 0 0 0 0 0 0 0 0 0 0 0 0 0 0 0 0 0 0 0 0 0 0 0 0 0 0 0 0 0 0 0 0 0 0 0 0 0 0 0 0 0 0 0 0 0 0 0 0 0 0 0 0 0 0 0 0 0 0 0 0 0 0 0 0 0 0 0 0 0 0 0 0 0 0 0 0 0 0 0 0 0 0 0 0 0 0 0 0 0 0 0 0 0 0 0 0 0 0 0 0 0 0 0 0 0 0 0 0 0 0 0 0 0 0 0 0 0 0 0 0 0 0 0 0 0 0 0 0 0 0 0 0 0 0 0 0 0 0 0 0 0 0 0 0 0 0 0 0 0 0 0 0 0 0 0 0 0 0 0 0 0 0 0 0 0 0 0 0 0 0 0 0 0 0 0 0 0 0 0 0 0 0 0 0 0 0 0 0 0 0 0 0 0 0 0 0 0 0 0 0 0 0 0 0 0 0 0 0 0 0 0 0 0 0 0 0 0 0 0 0 0 0 0 0 0 0 0 0 0 0 0 0 0 0 0 0 0 0 0 0 0 0 0 0 0 0 0 0 0 0 0 0 0 0 0 0 0 0 0 0 0 0 0 0 0 0 0 0 0 0 0 0 0 0 0 0 0 0 0 0 0 0 0 0 0 0 0 0 0 0 0 0 0 0 0 0 0 0 0 0 0 0 0 0 0 0 0 0 0 0 0 0 0 0 0 0 0 0 0 0 0 0 0 0 0 0 0 0 0 0 0 0 0 0 0 0 0 0 0 0 0 0 0 0 0 0 0 0 0 0 0 0 0 0 0 0 0 0 0 0 0 0 0 0 0 0 0 0 0 0 0 0 0 0 0 0 0 0 0 0 0 0 0 0 0 0 0 0 0 0 0 0 0 0 0 0 0 0 0 0 0 0 0 0 0 0 0 0 0 0 0 0 0 0 0 0 0 0 0 0 0 0 0 0 0 0 0 0 0 0 0 0 0 0 0 0 0 0 0 0 0 0 0 0 0 0 0 0 0 0 0 0 0 0 0 0 0 0 0 0 0 0 0 0 0 0 0 0 0 0 0 0 0 0 0 0 0 0 0 0 0 0 0 0 0 0 0 0 0 0 0 0 0 0 0 0 0 0 0 0 0 0 0 0 0 0 0 0 0 0 0 0 0 0 0 0 0 0 0 0 0 0 0 0 0 0 0 0 0 0 0 0 0 0 0 0 0 0 0 0 0 0 0 0 0 0 0 0 0 0 0 0 0 0 0 0 0 0 0 0 0 0 0 0 0 0 0 0 0 0 0 0 0 0 0 0 0 0 0 0 0 0 0 0 0 0 0 0 0 0 0 0 0 0 0 0 0 0 0 0 0 0 0 0 0 0 0 0 0 0 0 0 0 0 0 0 0 0 0 0 0 0 0 0 0 0 0 0 0 0 0 0 0 0 0 0 0 0 0 0 0 0 0 0 0 0 0 0 0 0 0 0 0 0 0 0 0 0 0 0 0 0 0 0 0 0 0 0 0 0 0 0 0 0 0 0 0 0 0 0 0 0 0 0 0 0 0 0 0 0 0 0 0 0 0 0 0 0 0 0 0 0 0 0 0 0 0 0 0 0 0 0 0 0 0 0 0 0 0 0 0 0 0 0 0 0 0 0 0 0 0 0 0 0 0 0 0 0 0 0 0 0 0 0 0 0 0 0 0 0 0 0 0 0 0 0 0 0 0 0 0 0 0 0 0 0 0 0 0 0 0 0 0 0 0 0 0 0 0 0 0 0 0 0 0 0 0 0 0 0 0 0 0 0 0 0 0 0 0 0 0 0 0 0 0 0 0 0 0 0 0 0 0 0 0 0 0 0 0 0 0 0 0 0 0 0 0 0 0 0 0 0 0 0 0 0 0 0 0 0 0 0 0 0 0 0 0 0 0 0 0 0 0 0 0 0 0 0 0 0 0 0 0 0 0 0 0 0 0 0 0 0 0 0 0 0 0 0 0 0 0 0 0 0 0 0 0 0 0 0 0 0 0 0 0 0 0 0 0 0 0 0 0 0 0 0 0 0 0 0 0 0 0 0 0 0 0 0 0 0 0 0 0 0 0 0 0 0 0 0 0 0 0 0 0 0 0 0 0 0 0 0 0 0 0 0 0 0 0 0 0 0 0 0 0 0 0 0 0 0 0 0 0 0 0 0 0 0 0 0 0 0 0 0 0 0 0 0 0 0 0 0 0 0 0 0 0 0 0 0 0 0 0 0 0 0 0 0 0 0 0 0 0 0 0 0 0 0 0 0 0 0 0 0 0 0 0 0 0 0 0 0 0 0 0 0 0 0 0 0 0 0 0 0 0 0 0 0 0 0 0 0 0 0 0 0 0 0 0 0 0 0 0 0 0 0 0 0 0 0 0 0 0 0 0 0 0 0 0 0 0 0 0 0 0 0 0 0 0 0 0 0 0 0 0 0 0 0 0 0 0 0 0 0 0 0 0 0 0 0 0 0 0 0 0 0 0 0 0 0 0 0 0 0 0 0 0 0 0 0 0 0 0 0 0 0 0 0 0 0 0 0 0 0 0 0 0 0 0 0 0 0 0 0 0 0 0 0 0 0 0 0 0 0 0 0 0 0 0 0 0 0 0 0 0 0 0 0 0 0 0 0 0 0 0 0 0 0 0 0 0 0 0 0 0 0 0 0 0 0 0 0 0 0 0 0 0 0 0 0 0 0 0 0 0 0 0 0 0 0 0 0 0 0 0 0 0 0 0 0 0 0 0 0 0 0 0 0 0 0 0 0 0 0 0 0 0 0 0 0 0 0 0 0 0 0 0 0 0 0 0 0 0 0 0 0 0 0 0 0 0 0 0 0 0 0 0 0 0 0 0 0 0 0 0 0 0 0 0 0 0 0 0 0 0 0 0 0 0 0 0 0 0 0 0 0 0 0 0 0 0 0 0 0 0 0 0 0 0 0 0 0 0 0 0 0 0 0 0 0 0 0 0 0 0 0 0 0 0 0 0 0 0 0 0 0 0 0 0 0 0 0 0 0 0 0 0 0 0 0 0 0 0 0 0 0 0 0 0 0 0 0 0 0 0 0 0 0 0 0 0 0 0 0 0 0 0 0 0 0 0 0 0 0 0 0 0 0 0 0 0 0 0 0 0 0 0 0 0 0 0 0 0 0 0 0 0 0 0 0 0 0 0 0 0 0 0 0 0 0 0 0 0 0 0 0 0 0 0 0 0 0 0 0 0 0 0 0 0 0 0 0 0 0 0 0 0 0 0 0 0 0 0 0 0 0 0 0 0 0 0 0 0 0 0 0 0 0 0 0 0 0 0 0 0 0 0 0 0 0 0 0 0 0 0 0 0 0 0 0 0 0 0 0 0 0 0 0 0 0 0 0 0 0 0 0 0 0 0 0 0 0 0 0 0 0 0 0 0 0 0 0 0 0 0 0 0 0 0 0 0 0 0 0 0 0 0 0 0 0 0 0 0 0 0 0 0 0 0 0 0 0 0 0 0 0 0 0 0 0 0 0 0 0 0 0 0 0 0 0 0 0 0 0 0 0 0 0 0 0 0 0 0 0 0 0 0 0 0 0 0 0 0 0 0 0 0 0 0 0 0 0 0 0 0 0 0 0 0 0 0 0 0 0 0 0 0 0 0 0 0 0 0 0 0 0 0 0 0 0 0 0 0 0 0 0 0 0 0 0 0 0 0 0 0 0 0 0 0 0 0 0 0 0 0 0 0 0 0 0 0 0 0 0 0 0 0 0 0 0 0 0 0 0 0 0 0 0 0 0 0 0 0 0 0 0 0 0 0 0 0 0 0 0 0 0 0 0 0 0 0 0 0 0 0 0 0 0 0 0 0 0 0 0 0 0 0 0 0 0 0 0 0 0 0 0 0 0 0 0 0 0 0 0 0 0 0 0 0 0 0 0 0 0 0 0 0 0 0 0 0 0 0 0 0 0 0 0 0 0 0 0 0 0 0 0 0 0 0 0 0 0 0 0 0 0 0 0 0 0 0 0 0 0 0 0 0 0 0 0 0 0 0 0 0 0 0 0 0 0 0 0 0 0 0 0 0 0 0 0 0 0 0 0 0 0 0 0 0 0 0 0 0 0 0 0 0 0 0 0 0 0 0 0 0 0 0 0 0 0 0 0 0 0 0 0 0 0 0 0 0 0 0 0 0 0 0 0 0 0 0 0 0 0 0 0 0 0 0 0 0 0 0 0 0 0 0 0 0 0 0 0 0 0 0 0 0 0 0 0 0 0 0 0 0 0 0 0 0 0 0 0 0 0 0 0 0 0 0 0 0 0 0 0 0 0 0 0 0 0 0 0 0 0 0 0 0 0 0 0 0 0 0 0 0 0 0 0 0 0 0 0 0 0 0 0 0 0 0 0 0 0 0 0 0 0 0 0 0 0 0 0 0 0 0 0 0 0 0 0 0 0 0 0 0 0 0 0 0 0 0 0 0 0 0 0 0 0 0 0 0 0 0 0 0 0 0 0 0 0 0 0 0 0 0 0 0 0 0 0 0 0 0 0 0 0 0 0 0 0 0 0 0 0 0 0 0 0 0 0 0 0 0 0 0 0 0 0 0 0 0 0 0 0 0 0 0 0 0 0 0 0 0 0 0 0 0 0 0 0 0 0 0 0 0 0 0 0 0 0 0 0 0 0 0 0 0 0 0 0 0 0 0 0 0 0 0 0 0 0 0 0 0 0 0 0 0 0 0 0 0 0 0 0 0 0 0 0 0 0 0 0 0 0 0 0 0 0 0 0 0 0 0 0 0 0 0 0 0 0 0 0 0 0 0 0 0 0 0 0 0 0 0 0 0 0 0 0 0 0 0 0 0 0 0 0 0 0 0 0 0 0 0 0 0 0 0 0 0 0 0 0 0 0 0 0 0 0 0 0 0 0 0 0 0 0 0 0 0 0 0 0 0 0 0 0 0 0 0 0 0 0 0 0 0 0 0 0 0 0 0 0 0 0 0 0 0 0 0 0 0 0 0 0 0 0 0 0 0 0 0 0 0 0 0 0 0 0 0 0 0 0 0 0 0 0 0 0 0 0 0 0 0 0 0 0 0 0 0 0 0 0 0 0 0 0 0 0 0 0 0 0 0 0 0 0 0 0 0 0 0 0 0 0 0 0 0 0 0 0 0 0 0 0 0 0 0 0 0 0 0 0 0 0 0 0 0 0 0 0 0 0 0 0 0 0 0 0 0 0 0 0 0 0 0 0 0 0 0 0 0 0 0 0 0 0 0 0 0 0 0 0 0 0 0 0 0 0 0 0 0 0 0 0 0 0 0 0 0 0 0 0 0 0 0 0 0 0 0 0 0 0 0 0 0 0 0 0 0 0 0 0 0 0 0 0 0 0 0 0 0 0 0 0 0 0 0 0 0 0 0 0 0 0 0 0 0 0 0 0 0 0 0 0 0 0 0 0 0 0 0 0 0 0 0 0 0 0 0 0 0 0 0 0 0 0 0 0 0 0 0 0 0 0 0 0 0 0 0 0 0 0 0 0 0 0 0 0 0 0 0 0 0 0 0 0 0 0 0 0 0 0 0 0 0 0 0 0 0 0 0 0 0 0 0 0 0 0 0 0 0 0 0 0 0 0 0 0 0 0 0 0 0 0 0 0 0 0 0 0 0 0 0 0 0 0 0 0 0 0 0 0 0 0 0 0 0 0 0 0 0 0 0 0 0 0 0 0 0 0 0 0 0 0 0 0 0 0 0 0 0 0 0 0 0 0 0 0 0 0 0 0 0 0 0 0 0 0 0 0 0 0 0 0 0 0 0 0 0 0 0 0 0 0 0 0 0 0 0 0 0 0 0 0 0 0 0 0 0 0 0 0 0 0 0 0 0 0 0 0 0 0 0 0 0 0 0 0 0 0 0 0 0 0 0 0 0 0 0 0 0 0 0 0 0 0 0 0 0 0 0 0 0 0 0 0 0 0 0 0 0 0 0 0 0 0 0 0 0 0 0 0 0 0 0 0 0 0 0 0 0 0 0 0 0 0 0 0 0 0 0 0 0 0 0 0 0 0 0 0 0 0 0 0 0 0 0 0 0 0 0 0 0 0 0 0 0 0 0 0 0 0 0 0 0 0 0 0 0 0 0 0 0 0 0 0 0 0 0 0 0 0 0 0 0 0 0 0 0 0 0 0 0 0 0 0 0 0 0 0 0 0 0 0 0 0 0 0 0 0 0 0 0 0 0 0 0 0 0 0 0 0 0 0 0 0 0 0 0 0 0 0 0 0 0 0 0 0 0 0 0 0 0 0 0 0 0 0 0 0 0 0 0 0 0 0 0 0 0 0 0 0 0 0 0 0 0 0 0 0 0 0 0 0 0 0 0 0 0 0 0 0 0 0 0 0 0 0 0 0 0 0 0 0 0 0 0 0 0 0 0 0 0 0 0 0 0 0 0 0 0 0 0 0 0 0 0 0 0 0 0 0 0 0 0 0 0 0 0 0 0 0 0 0 0 0 0 0 0 0 0 0 0 0 0 0 0 0 0 0 0 0 0 0 0 0 0 0 0 0 0 0 0 0 0 0 0 0 0 0 0 0 0 0 0 0 0 0 0 0 0 0 0 0 0 0 0 0 0 0 0 0 0 0 0 0 0 0 0 0 0 0 0 0 0 0 0 0 0 0 0 0 0 0 0 0 0 0 0 0 0 0 0 0 0 0 0 0 0 0 0 0 0 0 0 0 0 0 0 0 0 0 0 0 0 0 0 0 0 0 0 0 0 0 0 0 0 0 0 0 0 0 0 0 0 0 0 0 0 0 0 0 0 0 0 0 0 0 0 0 0 0 0 0 0 0 0 0 0 0 0 0 0 0 0 0 0 0 0 0 0 0 0 0 0 0 0 0 0 0 0 0 0 0 0 0 0 0 0 0 0 0 0 0 0 0 0 0 0 0 0 0 0 0 0 0 0 0 0 0 0 0 0 0 0 0 0 0 0 0 0 0 0 0 0 0 0 0 0 0 0 0 0 0 0 0 0 0 0 0 0 0 0 0 0 0 0 0 0 0 0 0 0 0 0 0 0 0 0 0 0 0 0 0 0 0 0 0 0 0 0 0 0 0 0 0 0 0 0 0 0 0 0 0 0 0 0 0 0 0 0 0 0 0 0 0 0 0 0 0 0 0 0 0 0 0 0 0 0 0 0 0 0 0 0 0 0 0 0 0 0 0 0 0 0 0 0 0 0 0 0 0 0 0 0 0 0 0 0 0 0 0 0 0 0 0 0 0 0 0 0 0 0 0 0 0 0 0 0 0 0 0 0 0 0 0 0 0 0 0 0 0 0 0 0 0 0 0 0 0 0 0 0 0 0 0 0 0 0 0 0 0 0 0 0 0 0 0 0 0 0 0 0 0 0 0 0 0 0 0 0 0 0 0 0 0 0 0 0 0 0 0 0 0 0 0 0 0 0 0 0 0 0 0 0 0 0 0 0 0 0 0 0 0 0 0 0 0 0 0 0 0 0 0 0 0 0 0 0 0 0 0 0 0 0 0 0 0 0 0 0 0 0 0 0 0 0 0 0 0 0 0 0 0 0 0 0 0 0 0 0 0 0 0 0 0 0 0 0 0 0 0 0 0 0 0 0 0 0 0 0 0 0 0 0 0 0 0 0 0 0 0 0 0 0 0 0 0 0 0 0 0 0 0 0 0 0 0 0 0 0 0 0 0 0 0 0 0 0 0 0 0 0 0 0 0 0 0 0 0 0 0 0 0 0 0 0 0 0 0 0 0 0 0 0 0 0 0 0 0 0 0 0 0 0 0 0 0 0 0 0 0 0 0 0 0 0 0 0 0 0 0 0 0 0 0 0 0 0 0 0 0 0 0 0 0 0 0 0 0 0 0 0 0 0 0 0 0 0 0 0 0 0 0 0 0 0 0 0 0 0 0 0 0 0 0 0 0 0 0 0 0 0 0 0 0 0 0 0 0 0 0 0 0 0 0 0 0 0 0 0 0 0 0 0 0 0 0 0 0 0 0 0 0 0 0 0 0 0 0 0 0 0 0 0 0 0 0 0 0 0 0 0 0 0 0 0 0 0 0 0 0 0 0 0 0 0 0 0 0 0 0 0 0 0 0 0 0 0 0 0 0 0 0 0 0 0 0 0 0 0 0 0 0 0 0 0 0 0 0 0 0 0 0 0 0 0 0 0 0 0 0 0 0 0 0 0 0 0 0 0 0 0 0 0 0 0 0 0 0 0 0 0 0 0 0 0 0 0 0 0 0 0 0 0 0 0 0 0 0 0 0 0 0 0 0 0 0 0 0 0 0 0 0 0 0 0 0 0 0 0 0 0 0 0 0 0 0 0 0 0 0 0 0 0 0 0 0 0 0 0 0 0 0 0 0 0 0 0 0 0 0 0 0 0 0 0 0 0 0 0 0 0 0 0 0 0 0 0 0 0 0 0 0 0 0 0 0 0 0 0 0 0 0 0 0 0 0 0 0 0 0 0 0 0 0 0 0 0 0 0 0 0 0 0 0 0 0 0 0 0 0 0 0 0 0 0 0 0 0 0 0 0 0 0 0 0 0 0 0 0 0 0 0 0 0 0 0 0 0 0 0 0 0 0 0 0 0 0 0 0 0 0 0 0 0 0 0 0 0 0 0 0 0 0 0 0 0 0 0 0 0 0 0 0 0 0 0 0 0 0 0 0 0 0 0 0 0 0 0 0 0 0 0 0 0 0 0 0 0 0 0 0 0 0 0 0 0 0 0 0 0 0 0 0 0 0 0 0 0 0 0 0 0 0 0 0 0 0 0 0 0 0 0 0 0 0 0 0 0 0 0 0 0 0 0 0 0 0 0 0 0 0 0 0 0 0 0 0 0 0 0 0 0 0 0 0 0 0 0 0 0 0 0 0 0 0 0 0 0 0 0 0 0 0 0 0 0 0 0 0 0 0 0 0 0 0 0 0 0 0 0 0 0 0 0 0 0 0 0 0 0 0 0 0 0 0 0 0 0 0 0 0 0 0 0 0 0 0 0 0 0 0 0 0 0 0 0 0 0 0 0 0 0 0 0 0 0 0 0 0 0 0 0 0 0 0 0 0 0 0 0 0 0 0 0 0 0 0 0 0 0 0 0 0 0 0 0 0 0 0 0 0 0 0 0 0 0 0 0 0 0 0 0 0 0 0 0 0 0 0 0 0 0 0 0 0 0 0 0 0 0 0 0 0 0 0 0 0 0 0 0 0 0 0 0 0 0 0 0 0 0 0 0 0 0 0 0 0 0 0 0 0 0 0 0 0 0 0 0 0 0 0 0 0 0 0 0 0 0 0 0 0 0 0 0 0 0 0 0 0 0 0 0 0 0 0 0 0 0 0 0 0 0 0 0 0 0 0 0 0 0 0 0 0 0 0 0 0 0 0 0 0 0 0 0 0 0 0 0 0 0 0 0 0 0 0 0 0 0 0 0 0 0 0 0 0 0 0 0 0 0 0 0 0 0 0 0 0 0 0 0 0 0 0 0 0 0 0 0 0 0 0 0 0 0 0 0 0 0 0 0 0 0 0 0 0 0 0 0 0 0 0 0 0 0 0 0 0 0 0 0 0 0 0 0 0 0 0 0 0 0 0 0 0 0 0 0 0 0 0 0 0 0 0 0 0 0 0 0 0 0 0 0 0 0 0 0 0 0 0 0 0 0 0 0 0 0 0 0 0 0 0 0 0 0 0 0 0 0 0 0 0 0 0 0 0 0 0 0 0 0 0 0 0 0 0 0 0 0 0 0 0 0 0 0 0 0 0 0 0 0 0 0 0 0 0 0 0 0 0 0 0 0 0 0 0 0 0 0 0 0 0 0 0 0 0 0 0 0 0 0 0 0 0 0 0 0 0 0 0 0 0 0 0 0 0 0 0 0 0 0 0 0 0 0 0 0 0 0 0 0 0 0 0 0 0 0 0 0 0 0 0 0 0 0 0 0 0 0 0 0 0 0 0 0 0 0 0 0 0 0 0 0 0 0 0 0 0 0 0 0 0 0 0 0 0 0 0 0 0 0 0 0 0 0 0 0 0 0 0 0 0 0 0 0 0 0 0 0 0 0 0 0 0 0 0 0 0 0 0 0 0 0 0 0 0 0 0 0 0 0 0 0 0 0 0 0 0 0 0 0 0 0 0 0 0 0 0 0 0 0 0 0 0 0 0 0 0 0 0 0 0 0 0 0 0 0 0 0 0 0 0 0 0 0 0 0 0 0 0 0 0 0 0 0 0 0 0 0 0 0 0 0 0 0 0 0 0 0 0 0 0 0 0 0 0 0 0 0 0 0 0 0 0 0 0 0 0 0 0 0 0 0 0 0 0 0 0 0 0 0 0 0 0 0 0 0 0 0 0 0 0 0 0 0 0 0 0 0 0 0 0 0 0 0 0 0 0 0 0 0 0 0 0 0 0 0 0 0 0 0 0 0 0 0 0 0 0 0 0 0 0 0 0 0 0 0 0 0 0 0 0 0 0 0 0 0 0 0 0 0 0 0 0 0 0 0 0 0 0 0 0 0 0 0 0 0 0 0 0 0 0 0 0 0 0 0 0 0 0 0 0 0 0 0 0 0 0 0 0 0 0 0 0 0 0 0 0 0 0 0 0 0 0 0 0 0 0 0 0 0 0 0 0 0 0 0 0 0 0 0 0 0 0 0 0 0 0 0 0 0 0 0 0 0 0 0 0 0 0 0 0 0 0 0 0 0 0 0 0 0 0 0 0 0 0 0 0 0 0 0 0 0 0 0 0 0 0 0 0 0 0 0 0 0 0 0 0 0 0 0 0 0 0 0 0 0 0 0 0 0 0 0 0 0 0 0 0 0 0 0 0 0 0 0 0 0 0 0 0 0 0 0 0 0 0 0 0 0 0 0 0 0 0 0 0 0 0 0 0 0 0 0 0 0 0 0 0 0 0 0 0 0 0 0 0 0 0 0 0 0 0 0 0 0 0 0 0 0 0 0 0 0 0 0 0 0 0 0 0 0 0 0 0 0 0 0 0 0 0 0 0 0 0 0 0 0 0 0 0 0 0 0 0 0 0 0 0 0 0 0 0 0 0 0 0 0 0 0 0 0 0 0 0 0 0 0 0 0 0 0 0 0 0 0 0 0 0 0 0 0 0 0 0 0 0 0 0 0 0 0 0 0 0 0 0 0 0 0 0 0 0 0 0 0 0 0 0 0 0 0 0 0 0 0 0 0 0 0 0 0 0 0 0 0 0 0 0 0 0 0 0 0 0 0 0 0 0 0 0 0 0 0 0 0 0 0 0 0 0 0 0 0 0 0 0 0 0 0 0 0 0 0 0 0 0 0 0 0 0 0 0 0 0 0 0 0 0 0 0 0 0 0 0 0 0 0 0 0 0 0 0 0 0 0 0 0 0 0 0 0 0 0 0 0 0 0 0 0 0 0 0 0 0 0 0 0 0 0 0 0 0 0 0 0 0 0 0 0 0 0 0 0 0 0 0 0 0 0 0 0 0 0 0 0 0 0 0 0 0 0 0 0 0 0 0 0 0 0 0 0 0 0 0 0 0 0 0 0 0 0 0 0 0 0 0 0 0 0 0 0 0 0 0 0 0 0 0 0 0 0 0 0 0 0 0 0 0 0 0 0 0 0 0 0 0 0 0 0 0 0 0 0 0 0 0 0 0 0 0 0 0 0 0 0 0 0 0 0 0 0 0 0 0 0 0 0 0 0 0 0 0 0 0 0 0 0 0 0 0 0 0 0 0 0 0 0 0 0 0 0 0 0 0 0 0 0 0 0 0 0 0 0 0 0 0 0 0 0 0 0 0 0 0 0 0 0 0 0 0 0 0 0 0 0 0 0 0 0 0 0 0 0 0 0 0 0 0 0 0 0 0 0 0 0 0 0 0 0 0 0 0 0 0 0 0 0 0 0 0 0 0 0 0 0 0 0 0 0 0 0 0 0 0 0 0 0 0 0 0 0 0 0 0 0 0 0 0 0 0 0 0 0 0 0 0 0 0 0 0 0 0 0 0 0 0 0 0 0 0 0 0 0 0 0 0 0 0 0 0 0 0 0 0 0 0 0 0 0 0 0 0 0 0 0 0 0 0 0 0 0 0 0 0 0 0 0 0 0 0 0 0 0 0 0 0 0 0 0 0 0 0 0 0 0 0 0 0 0 0 0 0 0 0 0 0 0 0 0 0 0 0 0 0 0 0 0 0 0 0 0 0 0 0 0 0 0 0 0 0 0 0 0 0 0 0 0 0 0 0 0 0 0 0 0 0 0 0 0 0 0 0 0 0 0 0 0 0 0 0 0 0 0 0 0 0 0 0 0 0 0 0 0 0 0 0 0 0 0 0 0 0 0 0 0 0 0 0 0 0 0 0 0 0 0 0 0 0 0 0 0 0 0 0 0 0 0 0 0 0 0 0 0 0 0 0 0 0 0 0 0 0 0 0 0 0 0 0 0 0 0 0 0 0 0 0 0 0 0 0 0 0 0 0 0 0 0 0 0 0 0 0 0 0 0 0 0 0 0 0 0 0 0 0 0 0 0 0 0 0 0 0 0 0 0 0 0 0 0 0 0 0 0 0 0 0 0 0 0 0 0 0 0 0 0 0 0 0 0 0 0 0 0 0 0 0 0 0 0 0 0 0 0 0 0 0 0 0 0 0 0 0 0 0 0 0 0 0 0 0 0 0 0 0 0 0 0 0 0 0 0 0 0 0 0 0 0 0 0 0 0 0 0 0 0 0 0 0 0 0 0 0 0 0 0 0 0 0 0 0 0 0 0 0 0 0 0 0 0 0 0 0 0 0 0 0 0 0 0 0 0 0 0 0 0 0 0 0 0 0 0 0 0 0 0 0 0 0 0 0 0 0 0 0 0 0 0 0 0 0 0 0 0 0 0 0 0 0 0 0 0 0 0 0 0 0 0 0 0 0 0 0 0 0 0 0 0 0 0 0 0 0 0 0 0 0 0 0 0 0 0 0 0 0 0 0 0 0 0 0 0 0 0 0 0 0 0 0 0 0 0 0 0 0 0 0 0 0 0 0 0 0 0 0 0 0 0 0 0 0 0 0 0 0 0 0 0 0 0 0 0 0 0 0 0 0 0 0 0 0 0 0 0 0 0 0 0 0 0 0 0 0 0 0 0 0 0 0 0 0 0 0 0 0 0 0 0 0 0 0 0 0 0 0 0 0 0 0 0 0 0 0 0 0 0 0 0 0 0 0 0 0 0 0 0 0 0 0 0 0 0 0 0 0 0 0 0 0 0 0 0 0 0 0 0 0 0 0 0 0 0 0 0 0 0 0 0 0 0 0 0 0 0 0 0 0 0 0 0 0 0 0 0 0 0 0 0 0 0 0 0 0 0 0 0 0 0 0 0 0 0 0 0 0 0 0 0 0 0 0 0 0 0 0 0 0 0 0 0 0 0 0 0 0 0 0 0 0 0 0 0 0 0 0 0 0 0 0 0 0 0 0 0 0 0 0 0 0 0 0 0 0 0 0 0 0 0 0 0 0 0 0 0 0 0 0 0 0 0 0 0 0 0 0 0 0 0 0 0 0 0 0 0 0 0 0 0 0 0 0 0 0 0 0 0 0 0 0 0 0 0 0 0 0 0 0 0 0 0 0 0 0 0 0 0 0 0 0 0 0 0 0 0 0 0 0 0 0 0 0 0 0 0 0 0 0 0 0 0 0 0 0 0 0 0 0 0 0 0 0 0 0 0 0 0 0 0 0 0 0 0 0 0 0 0 0 0 0 0 0 0 0 0 0 0 0 0 0 0 0 0 0 0 0 0 0 0 0 0 0 0 0 0 0 0 0 0 0 0 0 0 0 0 0 0 0 0 0 0 0 0 0 0 0 0 0 0 0 0 0 0 0 0 0 0 0 0 0 0 0 0 0 0 0 0 0 0 0 0 0 0 0 0 0 0 

periods
1
3
1
3
0 0 0 

dcac_ratio
1
1
1
1
1.2
dcoptimizer_loss
1
1
1
1
0
desired_size
1
1
1
1
20000
elev
1
1
1
1
339
en_snow_model
1
1
1
1
0
enable_mismatch_vmax_calc
1
1
1
1
0
file_name
1
4
57
C:\SAM\2017.1.17\solar_resource\USA AZ Phoenix (TMY2).csv
fixed_charge_rate
1
1
1
1
0.0960638
fixed_operating_cost
1
1
1
1
279960
gamma_r_calc
1
1
1
1
-1.19718
iec61853_test_data
1
3
28
6
100 15 6.69435 63.8967 79.5398 0.117528 
100 25 6.48283 61.6303 77.0356 0.118 
100 50 5.9371 55.8834 70.7751 0.11918 
100 75 5.36686 50.0207 64.5146 0.12036 
200 15 13.889 66.2978 82.4388 0.235056 
200 25 13.5153 64.2559 80.0352 0.236 
200 50 12.5576 59.1117 74.0262 0.23836 
200 75 11.5662 53.9109 68.0172 0.24072 
400 15 28.1891 67.3057 85.3378 0.470112 
400 25 27.4968 65.39 83.0348 0.472 
400 50 25.7322 60.5878 77.2773 0.47672 
400 75 23.9194 55.7673 71.5198 0.48144 
600 15 42.2315 67.2495 87.0336 0.705168 
600 25 41.211 65.3619 84.7894 0.708 
600 50 38.6155 60.639 79.1791 0.71508 
600 75 35.9568 55.9104 73.5687 0.72216 
800 15 56.0107 66.9205 88.2367 0.940224 
800 25 54.6491 65.0325 86.0344 0.944 
800 50 51.1889 60.3117 80.5284 0.95344 
800 75 47.6484 55.5899 75.0224 0.96288 
1000 15 69.5457 66.5 89.17 1.17528 
1000 25 67.83 64.6 87 1.18 
1000 50 63.4709 59.85 81.575 1.1918 
1000 75 59.0121 55.1 76.15 1.2036 
1100 15 76.2278 66.2764 89.5686 1.29281 
1100 25 74.3304 64.3682 87.4125 1.298 
1100 50 69.5095 59.5974 82.022 1.31098 
1100 75 64.5782 54.8265 76.6316 1.32396 

inv_cec_cg_c0
1
1
1
1
-1.64961e-08
inv_cec_cg_c1
1
1
1
1
1.52683e-05
inv_cec_cg_c2
1
1
1
1
0.00318422
inv_cec_cg_c3
1
1
1
1
0.000644233
inv_cec_cg_eff_cec
1
1
1
1
98.276
inv_cec_cg_eff_euro
1
1
1
1
98.122
inv_cec_cg_filename
1
4
9
<invalid>
inv_cec_cg_idcmax
1
1
1
1
1600
inv_cec_cg_mppt_hi
1
1
1
1
820
inv_cec_cg_mppt_low
1
1
1
1
545
inv_cec_cg_num_samples
1
1
1
1
9
inv_cec_cg_paco
1
1
1
1
770000
inv_cec_cg_pdco
1
1
1
1
785145
inv_cec_cg_pnt
1
1
1
1
364.7
inv_cec_cg_psco
1
1
1
1
1991.67
inv_cec_cg_sample_power_units
1
1
1
1
1
inv_cec_cg_test_samples
1
3
18
30
96.4629 545.381 97.9119 96.3667 545.211 97.9211 96.1375 545.179 97.9094 96.4734 545.45 97.916 96.6099 545.227 97.9239 96.8661 544.854 97.9518 96.9868 545.08 97.95 96.7912 545.253 97.9581 96.975 545.061 97.9414 97.0154 545.077 97.9498 
178.941 545.906 98.4902 179.167 545.782 98.5089 179.181 545.542 98.4933 179.254 546.07 98.4782 178.894 545.855 98.4953 178.791 545.895 98.4928 178.916 545.574 98.5003 179.255 545.709 98.5042 179.351 545.906 98.505 179.141 545.615 98.5033 
264.733 545.585 98.6014 264.815 545.849 98.6294 264.79 545.82 98.5984 264.773 545.43 98.5939 265.141 545.484 98.6234 265.273 545.871 98.6141 265.258 545.621 98.6009 265.109 545.585 98.6331 264.877 545.573 98.6396 264.843 545.614 98.6189 
412.414 545.041 98.5314 412.518 545.151 98.5466 412.311 545.201 98.5346 412.454 545.241 98.5796 412.371 545.421 98.5776 412.176 545.265 98.5725 412.266 545.32 98.5686 412.233 545.184 98.5668 412.271 545.041 98.5674 412.514 545.221 98.5626 
580.479 545.412 98.4133 580.621 545.306 98.414 580.839 545.343 98.4358 580.956 545.595 98.4282 581.031 545.256 98.4351 580.954 545.534 98.4224 580.874 545.5 98.4364 580.887 545.513 98.4246 580.56 545.337 98.4272 580.624 545.429 98.4222 
787.015 545.37 98.113 787.121 545.419 98.1204 787.365 545.298 98.1364 787.371 545.348 98.1258 787.577 545.285 98.1431 787.396 545.182 98.1337 787.457 545.221 98.1332 787.459 545.253 98.1375 787.369 545.343 98.1321 787.203 545.341 98.1352 
97.1116 616.735 97.4853 97.523 616.828 97.4665 97.6598 616.501 97.4921 97.2761 616.335 97.506 97.0457 616.327 97.5099 96.8277 616.378 97.5046 97.2381 616.491 97.5058 97.5789 616.766 97.5292 97.6588 616.689 97.5398 97.1302 616.299 97.5182 
177.799 617.28 98.1707 177.77 617.376 98.184 178.29 617.581 98.2016 178.332 617.18 98.1912 178.526 617.413 98.1786 178.278 617.166 98.195 177.997 617.302 98.1949 177.711 617.338 98.2067 178.012 617.386 98.2043 178.443 617.294 98.1988 
264.653 618.352 98.4177 264.879 618.355 98.4113 265.091 618.369 98.4086 265.34 618.402 98.4071 265.435 618.421 98.3982 265.323 618.394 98.43 264.915 618.427 98.4082 264.763 618.365 98.4253 264.716 618.175 98.4155 264.912 618.576 98.4104 
412.225 618.986 98.45 412.328 618.534 98.4502 412.532 618.64 98.4629 412.889 618.919 98.4602 412.811 618.586 98.4437 412.772 618.802 98.4605 412.506 618.674 98.4494 412.184 618.505 98.4677 412.234 618.635 98.451 412.408 618.833 98.4568 
581.435 617.797 98.3345 581.702 617.961 98.3311 581.99 618.24 98.3335 582.054 618.039 98.3307 582.279 618.082 98.3463 582.346 617.987 98.3427 582.15 617.95 98.3607 582.017 618.062 98.3343 581.808 617.939 98.3413 581.504 617.776 98.3385 
788.847 617.715 98.0583 788.845 617.815 98.0756 788.574 617.894 98.0595 788.392 617.832 98.0776 788.27 617.873 98.0633 788.17 617.639 98.0704 788.317 617.573 98.0772 788.451 617.827 98.0681 788.765 617.909 98.074 788.773 617.819 98.0682 
96.1227 820.479 96.242 96.712 820.59 96.2471 96.587 820.313 96.2492 95.8508 820.446 96.2378 95.7032 820.591 96.2122 95.9185 820.695 96.224 96.3692 820.478 96.2527 96.557 820.203 96.2356 96.5316 820.448 96.2419 95.7541 820.144 96.245 
178.56 820.334 97.5402 178.047 820.336 97.5071 177.522 820.423 97.5096 177.512 820.379 97.541 177.752 820.109 97.5282 178.726 820.359 97.5286 178.632 820.231 97.5225 178.23 820.357 97.5288 177.503 820.06 97.5152 177.619 820.063 97.5211 
265.015 820.213 97.8992 264.478 820.388 97.9425 264.304 820.629 97.9092 264.551 820.3 97.9119 265.125 820.039 97.917 265.59 820.353 97.9134 265.282 820.095 97.9526 264.898 820.309 97.9211 264.358 820.151 97.9303 264.508 820.22 97.9253 
412.478 820.209 98.0734 411.828 820.146 98.0821 411.754 821.437 98.0897 411.756 821.457 98.0666 412.229 821.507 98.0666 412.587 819.938 98.0799 412.94 820.311 98.0783 412.647 820.008 98.0807 412.102 820.04 98.0889 411.896 820.261 98.0838 
581.033 820.916 97.9887 581.098 820.822 97.9901 581.775 821.022 97.9912 581.965 820.786 98.0008 582.269 820.7 98.0238 582.348 820.997 98.0227 581.709 820.758 98.008 581.438 821.113 98.0116 581.28 820.862 98.0147 581.597 821.003 98.0177 
787.157 820.832 97.7282 787.434 820.881 97.7312 787.714 820.825 97.7331 787.911 821.103 97.7309 787.554 820.982 97.7363 787.335 820.803 97.7359 786.679 820.71 97.7339 787.648 820.942 97.732 787.569 820.828 97.7301 787.985 820.799 97.7301 

inv_cec_cg_vdcmax
1
1
1
1
1000
inv_cec_cg_vdco
1
1
1
1
617.789
inv_ds_ac_voltage
1
1
1
1
240
inv_ds_data_filename
1
4
0
inv_ds_eff
1
1
1
1
96
inv_ds_eff_peak_or_nom
1
1
1
1
96
inv_ds_eff_type
1
1
1
1
0
inv_ds_eff_weighted
1
1
1
1
96
inv_ds_idcmax
1
1
1
1
18
inv_ds_mppt_hi
1
1
1
1
480
inv_ds_mppt_low
1
1
1
1
250
inv_ds_paco
1
1
1
1
4000
inv_ds_pdco
1
1
1
1
4166.67
inv_ds_pnt
1
1
1
1
1
inv_ds_pnt_suggested
1
1
1
1
1
inv_ds_pso
1
1
1
1
0
inv_ds_pso_suggested
1
1
1
1
0
inv_ds_vdcmax
1
1
1
1
600
inv_ds_vdco
1
1
1
1
310
inv_pd_ac_voltage
1
1
1
1
240
inv_pd_data
1
3
251
2
0 0 
0.404 0 
0.808 34.42 
1.212 55.2 
1.616 65.59 
2.02 71.82 
2.424 75.97 
2.828 78.94 
3.232 81.17 
3.636 82.9 
4.04 84.28 
4.444 85.42 
4.848 86.36 
5.252 87.16 
5.656 87.84 
6.06 88.44 
6.464 88.95 
6.868 89.41 
7.272 89.82 
7.676 90.18 
8.08 90.51 
8.484 90.81 
8.888 91.08 
9.292 91.32 
9.696 91.55 
10.1 91.75 
10.504 91.95 
10.908 92.12 
11.312 92.29 
11.716 92.44 
12.12 92.58 
12.524 92.72 
12.928 92.84 
13.332 92.96 
13.736 93.07 
14.14 93.17 
14.544 93.27 
14.948 93.37 
15.352 93.45 
15.756 93.54 
16.16 93.62 
16.564 93.69 
16.968 93.76 
17.372 93.83 
17.776 93.9 
18.18 93.96 
18.584 94.02 
18.988 94.08 
19.392 94.13 
19.796 94.18 
20.2 94.23 
20.604 94.28 
21.008 94.33 
21.412 94.37 
21.816 94.42 
22.22 94.46 
22.624 94.5 
23.028 94.54 
23.432 94.57 
23.836 94.61 
24.24 94.64 
24.644 94.68 
25.048 94.71 
25.452 94.74 
25.856 94.77 
26.26 94.8 
26.664 94.83 
27.068 94.86 
27.472 94.89 
27.876 94.91 
28.28 94.94 
28.684 94.96 
29.088 94.98 
29.492 95.01 
29.896 95.03 
30.3 95.05 
30.704 95.07 
31.108 95.09 
31.512 95.11 
31.916 95.13 
32.32 95.15 
32.724 95.17 
33.128 95.19 
33.532 95.21 
33.936 95.23 
34.34 95.24 
34.744 95.26 
35.148 95.28 
35.552 95.29 
35.956 95.31 
36.36 95.32 
36.764 95.34 
37.168 95.35 
37.572 95.36 
37.976 95.38 
38.38 95.39 
38.784 95.4 
39.188 95.42 
39.592 95.43 
39.996 95.44 
40.4 95.45 
40.804 95.47 
41.208 95.48 
41.612 95.49 
42.016 95.5 
42.42 95.51 
42.824 95.52 
43.228 95.53 
43.632 95.54 
44.036 95.55 
44.44 95.56 
44.844 95.57 
45.248 95.58 
45.652 95.59 
46.056 95.6 
46.46 95.61 
46.864 95.62 
47.268 95.63 
47.672 95.64 
48.076 95.64 
48.48 95.65 
48.884 95.66 
49.288 95.67 
49.692 95.68 
50.096 95.68 
50.5 95.69 
50.904 95.7 
51.308 95.71 
51.712 95.71 
52.116 95.72 
52.52 95.73 
52.924 95.73 
53.328 95.74 
53.732 95.75 
54.136 95.75 
54.54 95.76 
54.944 95.77 
55.348 95.77 
55.752 95.78 
56.156 95.78 
56.56 95.79 
56.964 95.8 
57.368 95.8 
57.772 95.81 
58.176 95.81 
58.58 95.82 
58.984 95.82 
59.388 95.83 
59.792 95.83 
60.196 95.84 
60.6 95.84 
61.004 95.85 
61.408 95.85 
61.812 95.86 
62.216 95.86 
62.62 95.87 
63.024 95.87 
63.428 95.88 
63.832 95.88 
64.236 95.89 
64.64 95.89 
65.044 95.89 
65.448 95.9 
65.852 95.9 
66.256 95.91 
66.66 95.91 
67.064 95.91 
67.468 95.92 
67.872 95.92 
68.276 95.93 
68.68 95.93 
69.084 95.93 
69.488 95.94 
69.892 95.94 
70.296 95.94 
70.7 95.95 
71.104 95.95 
71.508 95.96 
71.912 95.96 
72.316 95.96 
72.72 95.97 
73.124 95.97 
73.528 95.97 
73.932 95.98 
74.336 95.98 
74.74 95.98 
75.144 95.98 
75.548 95.99 
75.952 95.99 
76.356 95.99 
76.76 96 
77.164 96 
77.568 96 
77.972 96.01 
78.376 96.01 
78.78 96.01 
79.184 96.01 
79.588 96.02 
79.992 96.02 
80.396 96.02 
80.8 96.02 
81.204 96.03 
81.608 96.03 
82.012 96.03 
82.416 96.03 
82.82 96.04 
83.224 96.04 
83.628 96.04 
84.032 96.04 
84.436 96.05 
84.84 96.05 
85.244 96.05 
85.648 96.05 
86.052 96.06 
86.456 96.06 
86.86 96.06 
87.264 96.06 
87.668 96.06 
88.072 96.07 
88.476 96.07 
88.88 96.07 
89.284 96.07 
89.688 96.07 
90.092 96.08 
90.496 96.08 
90.9 96.08 
91.304 96.08 
91.708 96.08 
92.112 96.09 
92.516 96.09 
92.92 96.09 
93.324 96.09 
93.728 96.09 
94.132 96.09 
94.536 96.1 
94.94 96.1 
95.344 96.1 
95.748 96.1 
96.152 96.1 
96.556 96.1 
96.96 96.11 
97.364 96.11 
97.768 96.11 
98.172 96.11 
98.576 96.11 
98.98 96.11 
99.384 96.12 
99.788 96.12 
100.192 96.12 
100.596 96.12 
101 96.12 

inv_pd_data_filename
1
4
0
inv_pd_eff
1
1
1
1
95.5507
inv_pd_eff_cec
1
1
1
1
95.5507
inv_pd_eff_euro
1
1
1
1
95.0025
inv_pd_eff_type
1
1
1
1
0
inv_pd_efficiency
1
2
1
251
0 0 34.42 55.2 65.59 71.82 75.97 78.94 81.17 82.9 84.28 85.42 86.36 87.16 87.84 88.44 88.95 89.41 89.82 90.18 90.51 90.81 91.08 91.32 91.55 91.75 91.95 92.12 92.29 92.44 92.58 92.72 92.84 92.96 93.07 93.17 93.27 93.37 93.45 93.54 93.62 93.69 93.76 93.83 93.9 93.96 94.02 94.08 94.13 94.18 94.23 94.28 94.33 94.37 94.42 94.46 94.5 94.54 94.57 94.61 94.64 94.68 94.71 94.74 94.77 94.8 94.83 94.86 94.89 94.91 94.94 94.96 94.98 95.01 95.03 95.05 95.07 95.09 95.11 95.13 95.15 95.17 95.19 95.21 95.23 95.24 95.26 95.28 95.29 95.31 95.32 95.34 95.35 95.36 95.38 95.39 95.4 95.42 95.43 95.44 95.45 95.47 95.48 95.49 95.5 95.51 95.52 95.53 95.54 95.55 95.56 95.57 95.58 95.59 95.6 95.61 95.62 95.63 95.64 95.64 95.65 95.66 95.67 95.68 95.68 95.69 95.7 95.71 95.71 95.72 95.73 95.73 95.74 95.75 95.75 95.76 95.77 95.77 95.78 95.78 95.79 95.8 95.8 95.81 95.81 95.82 95.82 95.83 95.83 95.84 95.84 95.85 95.85 95.86 95.86 95.87 95.87 95.88 95.88 95.89 95.89 95.89 95.9 95.9 95.91 95.91 95.91 95.92 95.92 95.93 95.93 95.93 95.94 95.94 95.94 95.95 95.95 95.96 95.96 95.96 95.97 95.97 95.97 95.98 95.98 95.98 95.98 95.99 95.99 95.99 96 96 96 96.01 96.01 96.01 96.01 96.02 96.02 96.02 96.02 96.03 96.03 96.03 96.03 96.04 96.04 96.04 96.04 96.05 96.05 96.05 96.05 96.06 96.06 96.06 96.06 96.06 96.07 96.07 96.07 96.07 96.07 96.08 96.08 96.08 96.08 96.08 96.09 96.09 96.09 96.09 96.09 96.09 96.1 96.1 96.1 96.1 96.1 96.1 96.11 96.11 96.11 96.11 96.11 96.11 96.12 96.12 96.12 96.12 96.12 

inv_pd_idcmax
1
1
1
1
18
inv_pd_mppt_hi
1
1
1
1
480
inv_pd_mppt_low
1
1
1
1
250
inv_pd_paco
1
1
1
1
4000
inv_pd_partload
1
2
1
251
0 0.404 0.808 1.212 1.616 2.02 2.424 2.828 3.232 3.636 4.04 4.444 4.848 5.252 5.656 6.06 6.464 6.868 7.272 7.676 8.08 8.484 8.888 9.292 9.696 10.1 10.504 10.908 11.312 11.716 12.12 12.524 12.928 13.332 13.736 14.14 14.544 14.948 15.352 15.756 16.16 16.564 16.968 17.372 17.776 18.18 18.584 18.988 19.392 19.796 20.2 20.604 21.008 21.412 21.816 22.22 22.624 23.028 23.432 23.836 24.24 24.644 25.048 25.452 25.856 26.26 26.664 27.068 27.472 27.876 28.28 28.684 29.088 29.492 29.896 30.3 30.704 31.108 31.512 31.916 32.32 32.724 33.128 33.532 33.936 34.34 34.744 35.148 35.552 35.956 36.36 36.764 37.168 37.572 37.976 38.38 38.784 39.188 39.592 39.996 40.4 40.804 41.208 41.612 42.016 42.42 42.824 43.228 43.632 44.036 44.44 44.844 45.248 45.652 46.056 46.46 46.864 47.268 47.672 48.076 48.48 48.884 49.288 49.692 50.096 50.5 50.904 51.308 51.712 52.116 52.52 52.924 53.328 53.732 54.136 54.54 54.944 55.348 55.752 56.156 56.56 56.964 57.368 57.772 58.176 58.58 58.984 59.388 59.792 60.196 60.6 61.004 61.408 61.812 62.216 62.62 63.024 63.428 63.832 64.236 64.64 65.044 65.448 65.852 66.256 66.66 67.064 67.468 67.872 68.276 68.68 69.084 69.488 69.892 70.296 70.7 71.104 71.508 71.912 72.316 72.72 73.124 73.528 73.932 74.336 74.74 75.144 75.548 75.952 76.356 76.76 77.164 77.568 77.972 78.376 78.78 79.184 79.588 79.992 80.396 80.8 81.204 81.608 82.012 82.416 82.82 83.224 83.628 84.032 84.436 84.84 85.244 85.648 86.052 86.456 86.86 87.264 87.668 88.072 88.476 88.88 89.284 89.688 90.092 90.496 90.9 91.304 91.708 92.112 92.516 92.92 93.324 93.728 94.132 94.536 94.94 95.344 95.748 96.152 96.556 96.96 97.364 97.768 98.172 98.576 98.98 99.384 99.788 100.192 100.596 101 

inv_pd_pdco
1
1
1
1
4186.26
inv_pd_pnt
1
1
1
1
0
inv_pd_vdcmax
1
1
1
1
600
inv_pd_vdco
1
1
1
1
310
inv_snl_ac_voltage
1
1
1
1
342
inv_snl_c0
1
1
1
1
-1.65e-08
inv_snl_c1
1
1
1
1
1.53e-05
inv_snl_c2
1
1
1
1
0.00318
inv_snl_c3
1
1
1
1
0.000644
inv_snl_eff_cec
1
1
1
1
98.276
inv_snl_eff_euro
1
1
1
1
98.122
inv_snl_idcmax
1
1
1
1
1600
inv_snl_inverter_name
1
4
39
SMA America: SC750CP-US 342V [CEC 2012]
inv_snl_mppt_hi
1
1
1
1
820
inv_snl_mppt_low
1
1
1
1
545
inv_snl_paco
1
1
1
1
770000
inv_snl_pdco
1
1
1
1
785145
inv_snl_pnt
1
1
1
1
364.7
inv_snl_pso
1
1
1
1
1992.12
inv_snl_vdcmax
1
1
1
1
1000
inv_snl_vdco
1
1
1
1
617.789
inverter_count
1
1
1
1
22
inverter_model
1
1
1
1
0
irrad_mode
1
1
1
1
0
lat
1
1
1
1
33.4333
layout_warning
1
4
31
Actual DC to AC ratio is 1.18. 
lbl_csp
1
4
0
lon
1
1
1
1
-112.017
mismatch_shown
1
1
1
1
0
module_area
1
1
1
1
1.631
module_aspect_ratio
1
1
1
1
1.7
module_length
1
1
1
1
1.66514
module_model
1
1
1
1
1
module_name
1
4
24
SunPower SPR-E19-310-COM
module_width
1
1
1
1
0.979496
modules_per_string
1
1
1
1
12
mppt_hi_inverter
1
1
1
1
820
mppt_low_inverter
1
1
1
1
545
num_enabled
1
1
1
1
1
num_strings_total
1
1
1
1
5373
offset
1
1
1
1
0
pv.radmode.is_shown
1
1
1
1
0
ref_conditions
1
4
46
Total Irradiance = 1000 W/m2, Cell temp = 25 C
sd11par_AMa0
1
1
1
1
0.9417
sd11par_AMa1
1
1
1
1
0.06516
sd11par_AMa2
1
1
1
1
-0.02022
sd11par_AMa3
1
1
1
1
0.00219
sd11par_AMa4
1
1
1
1
-9.1e-05
sd11par_Egref
1
1
1
1
0.737668
sd11par_Il
1
1
1
1
1.18951
sd11par_Imp0
1
1
1
1
1.05
sd11par_Io
1
1
1
1
2.08522e-09
sd11par_Isc0
1
1
1
1
1.18
sd11par_Pmp0
1
1
1
1
67.83
sd11par_Vmp0
1
1
1
1
64.6
sd11par_Voc0
1
1
1
1
87
sd11par_alphaIsc
1
1
1
1
0.000472001
sd11par_area
1
1
1
1
0.72
sd11par_betaVoc
1
1
1
1
-0.217
sd11par_c1
1
1
1
1
1930.15
sd11par_c2
1
1
1
1
474.64
sd11par_c3
1
1
1
1
1.48746
sd11par_d1
1
1
1
1
13.5504
sd11par_d2
1
1
1
1
-0.0769735
sd11par_d3
1
1
1
1
0.237327
sd11par_eff
1
1
1
1
9.42083
sd11par_gammaPmp
1
1
1
1
-0.258849
sd11par_glass
1
1
1
1
0
sd11par_mounting
1
1
1
1
0
sd11par_n
1
1
1
1
1.45071
sd11par_nser
1
1
1
1
116
sd11par_standoff
1
1
1
1
6
sd11par_tnoct
1
1
1
1
44.9
sd11par_type
1
1
1
1
2
shading_3d_scene
1
6
0
size_auto_or_manual
1
1
1
1
0
sky_model
1
1
1
1
2
snl_a
1
1
1
1
-3.62
snl_a0
1
1
1
1
0.94045
snl_a1
1
1
1
1
0.052641
snl_a2
1
1
1
1
-0.0093897
snl_a3
1
1
1
1
0.00072623
snl_a4
1
1
1
1
-1.9938e-05
snl_aimp
1
1
1
1
-0.00038
snl_aisc
1
1
1
1
0.00061
snl_area
1
1
1
1
1.244
snl_b
1
1
1
1
-0.075
snl_b0
1
1
1
1
1
snl_b1
1
1
1
1
-0.002438
snl_b2
1
1
1
1
0.0003103
snl_b3
1
1
1
1
-1.246e-05
snl_b4
1
1
1
1
2.11e-07
snl_b5
1
1
1
1
-1.36e-09
snl_bvmpo
1
1
1
1
-0.139
snl_bvoco
1
1
1
1
-0.136
snl_c0
1
1
1
1
1.0039
snl_c1
1
1
1
1
-0.0039
snl_c2
1
1
1
1
0.291066
snl_c3
1
1
1
1
-4.73546
snl_c4
1
1
1
1
0.9942
snl_c5
1
1
1
1
0.0058
snl_c6
1
1
1
1
1.0723
snl_c7
1
1
1
1
-0.0723
snl_dtc
1
1
1
1
3
snl_fd
1
1
1
1
1
snl_imp_temp_1
1
1
1
1
-0.00199626
snl_impo
1
1
1
1
5.25
snl_isco
1
1
1
1
5.75
snl_ixo
1
1
1
1
5.65
snl_ixxo
1
1
1
1
3.85
snl_material
1
4
4
c-Si
snl_mbvmp
1
1
1
1
0
snl_mbvoc
1
1
1
1
0
snl_module_name
1
4
31
SunPower SPR-210-BLK [2007 (E)]
snl_module_structure
1
1
1
1
0
snl_n
1
1
1
1
1.221
snl_n_cells
1
1
1
1
72
snl_parallel_cells
1
1
1
1
1
snl_ref_a
1
1
1
1
-3.62
snl_ref_b
1
1
1
1
-0.075
snl_ref_conditions
1
4
63
Total Irradiance = 1000 W/m2, Air mass = 1.5, Cell temp = 25 'C
snl_ref_dT
1
1
1
1
3
snl_ref_eff
1
1
1
1
16.8919
snl_ref_imp
1
1
1
1
5.25332
snl_ref_imp_temp_0
1
1
1
1
-0.038
snl_ref_isc
1
1
1
1
5.75365
snl_ref_isc_temp_0
1
1
1
1
0.061
snl_ref_isc_temp_1
1
1
1
1
0.00350973
snl_ref_pmp
1
1
1
1
210.135
snl_ref_pmp_temp_0
1
1
1
1
-0.385493
snl_ref_pmp_temp_1
1
1
1
1
-0.810055
snl_ref_vmp
1
1
1
1
40.0004
snl_ref_vmp_temp_0
1
1
1
1
-0.347493
snl_ref_vmp_temp_1
1
1
1
1
-0.138999
snl_ref_voc
1
1
1
1
47.7014
snl_ref_voc_temp_0
1
1
1
1
-0.285097
snl_sandia_notes
1
4
70
Source: Sandia National Laboratories Updated 9/25/2012 Module Database
snl_sandia_vintage
1
4
8
2007 (E)
snl_series_cells
1
1
1
1
72
snl_specified_a
1
1
1
1
-99
snl_specified_b
1
1
1
1
0
snl_specified_dT
1
1
1
1
0
snl_vmpo
1
1
1
1
40
snl_voc_temp_1
1
1
1
1
-0.135995
snl_voco
1
1
1
1
47.7
solar_data_file_name
1
4
57
C:\SAM\2017.1.17\solar_resource\USA AZ Phoenix (TMY2).csv
solar_data_source
1
4
4
TMY2
solar_resource
1
4
21
USA AZ Phoenix (TMY2)
solar_resource_file
1
4
57
C:\SAM\2017.1.17\solar_resource\USA AZ Phoenix (TMY2).csv
spe_a
1
1
1
1
-3.56
spe_area
1
1
1
1
0.74074
spe_b
1
1
1
1
-0.075
spe_dT
1
1
1
1
3
spe_data_filename
1
4
9
<invalid>
spe_eff0
1
1
1
1
13.5
spe_eff1
1
1
1
1
13.5
spe_eff2
1
1
1
1
13.5
spe_eff3
1
1
1
1
13.5
spe_eff4
1
1
1
1
13.5
spe_fd
1
1
1
1
1
spe_module_structure
1
1
1
1
0
spe_power
1
1
1
1
99.9999
spe_rad0
1
1
1
1
200
spe_rad1
1
1
1
1
400
spe_rad2
1
1
1
1
600
spe_rad3
1
1
1
1
800
spe_rad4
1
1
1
1
1000
spe_reference
1
1
1
1
4
spe_temp_coeff
1
1
1
1
-0.5
spe_vmp
1
1
1
1
30
spe_voc
1
1
1
1
36
state
1
4
2
AZ
station_id
1
4
5
23183
strings_in_parallel
1
1
1
1
5373
subarray1_azimuth
1
1
1
1
180
subarray1_backtrack
1
1
1
1
0
subarray1_dcloss
1
1
1
1
4.4402
subarray1_dcwiring_loss
1
1
1
1
2
subarray1_diodeconn_loss
1
1
1
1
0.5
subarray1_gcr
1
1
1
1
0.3
subarray1_gcr_ref
1
1
1
1
0.3
subarray1_mismatch_loss
1
1
1
1
2
subarray1_mod_orient
1
1
1
1
0
subarray1_monthly_tilt
1
2
1
12
40 40 40 20 20 20 20 20 20 40 40 40 

subarray1_nameplate_loss
1
1
1
1
0
subarray1_nmodx
1
1
1
1
48
subarray1_nmody
1
1
1
1
2
subarray1_nstrings
1
1
1
1
5373
subarray1_ref_nmodules
1
1
1
1
64476
subarray1_rotlim
1
1
1
1
45
subarray1_shade_mode
1
1
1
1
0
subarray1_shading
1
5
1
0
subarray1_soiling
1
2
1
12
5 5 5 5 5 5 5 5 5 5 5 5 

subarray1_soiling_annual_average
1
1
1
1
5
subarray1_tilt
1
1
1
1
30
subarray1_tilt_eq_lat
1
1
1
1
0
subarray1_track_mode
1
1
1
1
0
subarray1_tracking_loss
1
1
1
1
0
subarray2_azimuth
1
1
1
1
180
subarray2_backtrack
1
1
1
1
0
subarray2_dcloss
1
1
1
1
4.4402
subarray2_dcwiring_loss
1
1
1
1
2
subarray2_diodeconn_loss
1
1
1
1
0.5
subarray2_enable
1
1
1
1
0
subarray2_gcr
1
1
1
1
0.3
subarray2_gcr_ref
1
1
1
1
0.3
subarray2_mismatch_loss
1
1
1
1
2
subarray2_mod_orient
1
1
1
1
0
subarray2_monthly_tilt
1
2
1
12
40 40 40 20 20 20 20 20 20 40 40 40 

subarray2_nameplate_loss
1
1
1
1
0
subarray2_nmodx
1
1
1
1
9
subarray2_nmody
1
1
1
1
2
subarray2_nstrings
1
1
1
1
0
subarray2_ref_nmodules
1
1
1
1
0
subarray2_rotlim
1
1
1
1
45
subarray2_shade_mode
1
1
1
1
0
subarray2_shading
1
5
1
0
subarray2_soiling
1
2
1
12
5 5 5 5 5 5 5 5 5 5 5 5 

subarray2_soiling_annual_average
1
1
1
1
5
subarray2_tilt
1
1
1
1
20
subarray2_tilt_eq_lat
1
1
1
1
0
subarray2_track_mode
1
1
1
1
0
subarray2_tracking_loss
1
1
1
1
0
subarray3_azimuth
1
1
1
1
180
subarray3_backtrack
1
1
1
1
0
subarray3_dcloss
1
1
1
1
4.4402
subarray3_dcwiring_loss
1
1
1
1
2
subarray3_diodeconn_loss
1
1
1
1
0.5
subarray3_enable
1
1
1
1
0
subarray3_gcr
1
1
1
1
0.3
subarray3_gcr_ref
1
1
1
1
0.3
subarray3_mismatch_loss
1
1
1
1
2
subarray3_mod_orient
1
1
1
1
0
subarray3_monthly_tilt
1
2
1
12
40 40 40 20 20 20 20 20 20 40 40 40 

subarray3_nameplate_loss
1
1
1
1
0
subarray3_nmodx
1
1
1
1
9
subarray3_nmody
1
1
1
1
2
subarray3_nstrings
1
1
1
1
0
subarray3_ref_nmodules
1
1
1
1
0
subarray3_rotlim
1
1
1
1
45
subarray3_shade_mode
1
1
1
1
0
subarray3_shading
1
5
1
0
subarray3_soiling
1
2
1
12
5 5 5 5 5 5 5 5 5 5 5 5 

subarray3_soiling_annual_average
1
1
1
1
5
subarray3_tilt
1
1
1
1
20
subarray3_tilt_eq_lat
1
1
1
1
0
subarray3_track_mode
1
1
1
1
0
subarray3_tracking_loss
1
1
1
1
0
subarray4_azimuth
1
1
1
1
180
subarray4_backtrack
1
1
1
1
0
subarray4_dcloss
1
1
1
1
4.4402
subarray4_dcwiring_loss
1
1
1
1
2
subarray4_diodeconn_loss
1
1
1
1
0.5
subarray4_enable
1
1
1
1
0
subarray4_gcr
1
1
1
1
0.3
subarray4_gcr_ref
1
1
1
1
0.3
subarray4_mismatch_loss
1
1
1
1
2
subarray4_mod_orient
1
1
1
1
0
subarray4_monthly_tilt
1
2
1
12
40 40 40 20 20 20 20 20 20 40 40 40 

subarray4_nameplate_loss
1
1
1
1
0
subarray4_nmodx
1
1
1
1
9
subarray4_nmody
1
1
1
1
2
subarray4_nstrings
1
1
1
1
0
subarray4_ref_nmodules
1
1
1
1
0
subarray4_rotlim
1
1
1
1
45
subarray4_shade_mode
1
1
1
1
0
subarray4_shading
1
5
1
0
subarray4_soiling
1
2
1
12
5 5 5 5 5 5 5 5 5 5 5 5 

subarray4_soiling_annual_average
1
1
1
1
5
subarray4_tilt
1
1
1
1
20
subarray4_tilt_eq_lat
1
1
1
1
0
subarray4_track_mode
1
1
1
1
0
subarray4_tracking_loss
1
1
1
1
0
system_capacity
1
1
1
1
19997.2
total_area
1
1
1
1
105160
total_dc_inverter_capacity
1
1
1
1
17273.2
total_inverter_capacity
1
1
1
1
16940
total_land_area
1
1
1
1
86.6171
total_modules
1
1
1
1
64476
transformer_load_loss
1
1
1
1
0
transformer_no_load_loss
1
1
1
1
0
transformer_rating
1
1
1
1
0
tz
1
1
1
1
-7
ui_capital_cost_capacity
1
1
1
1
1745
ui_capital_cost_fixed
1
1
1
1
5.3455e+07
ui_cfin
1
1
1
1
1.02354
ui_cost_input_option
1
1
1
1
1
ui_crf
1
1
1
1
0.0832903
ui_fcr_input_option
1
1
1
1
1
ui_fixed_charge_rate
1
1
1
1
0.098
ui_ireal
1
1
1
1
0.0536585
ui_lbl_cff_msg
1
4
0
ui_operating_cost_capacity
1
1
1
1
14
ui_operating_cost_fixed
1
1
1
1
360000
ui_pfin
1
1
1
1
1.12684
ui_subarray1_length_side
1
1
1
1
3.33029
ui_subarray1_nrows
1
1
1
1
671.625
ui_subarray1_row_spacing
1
1
1
1
11.101
ui_subarray2_length_side
1
1
1
1
3.33029
ui_subarray2_nrows
1
1
1
1
0
ui_subarray2_row_spacing
1
1
1
1
11.101
ui_subarray3_length_side
1
1
1
1
3.33029
ui_subarray3_nrows
1
1
1
1
0
ui_subarray3_row_spacing
1
1
1
1
11.101
ui_subarray4_length_side
1
1
1
1
3.33029
ui_subarray4_nrows
1
1
1
1
0
ui_subarray4_row_spacing
1
1
1
1
11.101
ui_system_capacity
1
1
1
1
19997.2
ui_variable_operating_cost
1
1
1
1
0
ui_wacc
1
1
1
1
0.054439
use_specific_weather_file
1
1
1
1
0
use_wf_albedo
1
1
1
1
0
user_inverter_count
1
1
1
1
24
user_modules_per_string
1
1
1
1
12
user_specified_weather_file
1
4
0
user_strings_in_parallel
1
1
1
1
5374
variable_operating_cost
1
1
1
1
0
vdcmax_inverter
1
1
1
1
1000
vmp_string
1
1
1
1
656.4
voc_string
1
1
1
1
772.8
wf_nrecords
1
1
1
1
8760
